,date,sse180,rate,sh.600009,sh.600010,sh.600295,sh.600019,sh.600028,sh.600031,sh.600036,sh.600048,sh.600050,sh.600066,sh.600068,sh.600085,sh.600111,sh.601628,sh.600150,sh.600196,sh.600295.1,sh.600406,sh.601933,sh.600536,sh.600547,sh.600598,sh.600600,sh.600690,sh.600875,sh.600887,sh.600895,sh.601006,sh.601877,sh.601899
1153,2015-10-08,7216.036999999999,0.0001,28.65,3.64,7.5,5.77,4.89,6.58,17.73,8.25,6.14,19.06,7.36,23.94,13.15,25.9,37.1,24.11,7.5,14.88,10.48,30.61,18.03,15.75,32.42,9.34,13.27,15.86,19.85,9.02,30.62,3.48
1154,2015-10-09,7314.6,0.0001,28.57,3.7,7.55,5.8,5.03,6.7,17.96,8.32,6.14,19.08,7.44,24.05,13.54,26.41,37.25,24.94,7.55,15.97,10.74,30.9,19.39,16.19,32.44,9.37,13.54,15.86,19.97,9.08,30.62,3.55
1155,2015-10-12,7531.195,0.0001,28.57,3.86,7.81,5.98,5.15,7.0,18.19,8.57,6.39,19.8,7.76,25.03,14.23,26.9,38.21,24.93,7.81,15.96,10.77,31.75,20.02,16.81,33.56,9.72,14.23,16.16,20.8,9.35,30.62,3.74
1156,2015-10-13,7522.679,0.0001,29.38,3.87,7.91,5.94,5.09,6.93,18.06,8.53,6.34,20.09,7.75,25.37,14.24,26.81,38.8,25.03,7.91,16.74,11.41,32.78,19.45,17.58,33.6,9.72,14.8,16.29,21.15,9.28,30.62,3.7
1157,2015-10-14,7449.195,0.0001,28.68,4.2,7.74,5.88,5.07,6.76,17.85,8.33,6.33,20.0,7.54,24.92,14.69,26.48,37.56,24.78,7.74,16.35,11.1,33.03,19.48,16.79,33.51,9.56,14.5,15.99,20.91,9.15,30.02,3.67
1158,2015-10-15,7608.285,0.0001,29.11,4.19,7.91,5.97,5.13,6.93,18.34,8.51,6.68,20.23,7.78,25.5,14.9,26.8,38.9,25.19,7.91,16.62,11.37,36.33,19.98,16.93,33.82,9.78,15.0,16.17,21.84,9.3,30.02,3.74
1159,2015-10-16,7715.508000000001,0.0001,30.55,4.16,8.05,6.03,5.21,7.07,18.58,8.63,6.83,20.32,8.01,25.95,14.98,27.15,40.67,25.03,8.05,16.9,11.44,36.43,19.95,16.56,33.65,9.92,15.52,16.27,23.95,9.39,30.02,3.74
1160,2015-10-19,7709.477,0.0001,30.33,4.05,8.17,5.97,5.15,6.98,18.25,8.53,6.66,21.12,7.91,25.24,14.66,27.39,39.95,26.1,8.17,16.5,11.1,35.09,19.64,16.42,34.04,9.92,15.68,16.48,23.96,9.28,30.02,3.7
1161,2015-10-20,7789.031,0.0001,30.27,4.11,8.23,6.03,5.17,7.12,18.22,8.62,6.83,21.26,8.24,25.86,14.52,27.28,40.55,25.79,8.23,16.78,11.77,36.18,19.72,16.53,34.05,9.92,15.91,16.11,24.45,9.3,30.02,3.73
1162,2015-10-21,7639.773,0.0001,28.97,3.91,7.81,5.8,5.14,6.76,18.69,8.65,6.95,19.69,7.8,25.04,14.25,27.18,36.82,24.15,7.81,16.09,10.83,32.56,18.5,14.88,32.81,9.92,14.32,15.43,22.08,9.32,30.02,3.73
1163,2015-10-22,7706.08,0.0001,29.46,4.12,8.07,5.86,5.1,6.85,18.29,8.59,7.09,20.59,7.95,25.59,15.63,27.09,38.23,25.29,8.07,16.26,11.35,33.61,18.73,15.25,33.1,9.92,14.94,15.52,23.18,9.22,30.02,3.77
1164,2015-10-23,7776.892,0.0001,29.68,4.14,8.23,5.92,5.13,6.92,18.19,9.09,6.96,21.02,8.05,26.83,15.61,27.42,38.66,26.13,8.23,16.87,11.24,33.7,19.05,15.56,33.95,9.92,15.09,15.67,23.33,9.22,30.02,3.78
1165,2015-10-26,7812.2480000000005,0.0001,29.46,4.09,8.35,5.93,5.13,7.04,18.07,8.97,6.83,21.64,8.05,26.99,15.22,27.54,38.89,25.71,8.35,17.25,11.18,35.65,18.95,15.92,34.51,9.92,14.97,15.77,23.78,9.33,30.02,3.77
1166,2015-10-27,7819.5109999999995,0.0001,29.39,4.05,8.52,5.88,5.09,6.95,18.04,8.82,6.77,22.19,7.93,26.82,15.19,27.61,42.14,25.45,8.52,16.84,11.29,35.02,18.88,15.54,34.52,9.92,14.79,15.63,23.29,9.25,30.02,3.73
1167,2015-10-28,7671.743,0.0001,29.81,4.0,8.55,5.84,5.06,6.81,17.86,8.61,6.59,21.9,7.75,26.0,14.72,26.89,39.45,24.91,8.55,16.64,11.04,34.61,19.16,14.9,33.85,9.92,14.43,15.34,22.12,9.19,30.02,3.71
1168,2015-10-29,7679.505,0.0001,30.23,3.98,8.76,5.78,5.07,6.81,17.81,8.66,6.64,21.92,7.84,25.97,14.8,26.57,39.06,25.2,8.76,16.74,11.04,34.56,18.76,15.29,33.91,9.92,14.45,15.56,22.41,9.24,30.02,3.69
1169,2015-10-30,7685.710999999999,0.0001,30.22,3.94,8.6,5.67,5.03,6.71,17.93,8.72,6.61,21.92,7.77,25.59,14.62,26.49,38.54,24.91,8.6,16.99,10.95,35.9,18.25,14.99,33.89,9.92,14.58,15.93,22.54,9.13,30.02,3.65
1170,2015-11-02,7558.609,0.0001,31.0,3.85,8.46,5.55,4.94,6.61,17.83,8.52,6.35,21.1,7.59,25.07,14.72,25.63,37.63,24.64,8.46,16.33,10.57,38.49,17.91,14.73,33.5,9.92,13.89,15.3,22.72,9.03,30.02,3.56
1171,2015-11-03,7533.986,0.0001,30.63,3.83,8.58,5.57,4.91,6.59,17.9,8.43,6.33,21.11,7.53,24.99,14.77,25.73,37.86,24.59,8.58,15.87,10.42,38.37,18.06,15.38,33.56,9.92,13.71,15.17,24.57,8.89,30.02,3.56
1172,2015-11-04,7871.696,0.0001,31.58,3.98,8.89,5.75,5.09,6.86,18.36,8.84,6.61,21.97,7.87,25.99,15.48,28.3,39.66,25.63,8.89,16.69,10.93,39.72,18.59,15.86,34.64,9.92,14.47,15.65,26.09,9.18,30.02,3.68
1173,2015-11-05,8061.526,0.0001,31.72,4.1,8.71,5.92,5.22,7.08,18.57,9.02,7.07,21.96,8.24,26.69,15.43,28.83,39.84,25.99,8.71,16.77,11.1,39.42,18.85,16.05,34.74,9.92,14.91,15.92,25.53,9.41,30.02,3.73
1174,2015-11-06,8233.515,0.0001,32.42,4.16,8.97,5.96,5.26,7.14,18.68,9.21,7.03,22.47,8.36,27.0,15.88,29.95,40.81,26.3,8.97,17.69,11.22,39.5,19.39,16.04,35.22,9.92,15.11,16.01,26.43,9.46,30.02,3.78
1175,2015-11-09,8339.011999999999,0.0001,32.35,4.2,8.99,6.03,5.35,7.19,19.08,9.39,7.06,22.25,8.41,27.51,15.77,29.85,41.46,26.63,8.99,17.53,11.15,39.19,19.13,15.85,35.3,9.92,15.13,16.2,26.71,9.86,30.02,3.79
1176,2015-11-10,8316.146,0.0001,30.39,4.26,9.03,6.01,5.39,7.16,18.64,9.21,6.96,22.17,8.3,27.12,16.22,29.36,41.04,26.46,9.03,17.57,11.2,39.71,20.67,15.82,35.0,9.92,15.3,15.98,26.85,9.75,30.02,3.88
1177,2015-11-11,8293.771,0.0001,31.03,4.26,8.98,6.05,5.35,7.23,18.44,9.33,7.03,22.31,8.29,27.01,16.08,28.99,41.08,26.49,8.98,17.54,11.09,40.62,19.92,15.74,34.87,9.92,15.31,15.89,26.54,9.64,30.02,3.81
1178,2015-11-12,8206.864,0.0001,30.69,4.36,8.84,5.92,5.28,7.08,18.27,9.18,6.84,22.15,8.12,27.18,16.96,28.6,40.45,26.61,8.84,17.46,10.8,39.41,19.68,16.04,34.75,9.92,15.51,16.02,26.7,9.48,30.02,3.77
1179,2015-11-13,8113.323,0.0001,30.96,4.12,8.68,5.79,5.17,6.95,18.14,8.95,6.69,22.41,8.0,26.25,15.95,28.3,39.08,25.77,8.68,17.54,10.49,37.95,19.36,15.29,34.2,9.92,14.9,15.61,28.68,9.43,30.02,3.67
1180,2015-11-16,8129.405,0.0001,30.75,4.14,8.98,5.81,5.19,7.03,18.1,9.05,6.71,21.99,8.1,26.33,15.84,28.14,39.45,26.17,8.98,17.39,10.57,38.38,20.49,15.31,33.99,9.92,14.89,15.62,29.81,9.44,30.02,3.79
1181,2015-11-17,8132.62,0.0001,30.55,4.14,8.89,5.88,5.21,7.04,18.14,9.1,6.69,21.63,8.13,26.37,15.82,28.43,39.21,25.89,8.89,17.09,10.47,36.59,19.73,15.5,33.93,9.92,14.96,15.72,29.29,9.47,30.02,3.74
1182,2015-11-18,8063.9130000000005,0.0001,30.17,4.05,8.79,5.86,5.16,6.97,18.16,9.67,6.65,21.28,8.36,26.63,15.24,27.91,38.34,25.27,8.79,17.21,10.3,35.1,19.5,15.16,33.66,9.92,14.55,15.53,28.62,9.35,30.02,3.69
1183,2015-11-19,8172.479,0.0001,30.17,4.09,9.1,5.91,5.19,7.06,18.2,9.58,6.83,21.56,8.46,27.95,15.41,28.27,38.99,25.79,9.1,17.54,10.41,36.94,19.7,15.39,33.78,9.92,14.79,15.61,29.01,9.38,30.02,3.72
1184,2015-11-20,8174.143,0.0001,30.15,4.12,9.02,5.89,5.17,7.12,18.15,9.71,6.82,21.35,8.54,27.53,15.57,28.21,39.24,25.99,9.02,17.26,10.55,37.24,19.69,15.32,33.75,9.92,14.97,15.6,29.56,9.36,30.02,3.73
1185,2015-11-23,8132.852,0.0001,30.16,4.04,8.94,5.83,5.12,7.02,18.19,9.61,6.68,21.26,8.43,27.08,15.14,28.17,38.61,25.65,8.94,16.75,10.47,35.95,19.45,15.33,33.63,9.92,14.85,15.48,29.64,9.26,30.02,3.68
1186,2015-11-24,8117.406999999999,0.0001,30.2,4.03,9.07,5.8,5.12,6.96,17.88,9.49,6.65,21.18,8.26,26.81,15.1,28.15,38.49,25.61,9.07,16.57,10.51,36.43,19.26,15.45,33.52,9.92,14.76,15.43,28.97,9.2,30.02,3.66
1187,2015-11-25,8170.494000000001,0.0001,30.06,4.06,9.1,5.81,5.14,6.98,17.73,9.55,6.66,21.37,8.36,26.99,15.34,28.18,38.95,26.0,9.1,16.74,10.69,37.24,20.07,15.76,33.84,9.92,14.92,15.41,30.0,9.25,30.02,3.72
1188,2015-11-26,8133.664000000001,0.0001,29.74,4.06,8.97,5.8,5.16,6.93,17.53,9.62,6.62,21.39,8.26,26.59,15.58,28.08,39.52,25.75,8.97,16.85,10.48,36.02,19.75,15.58,33.68,9.92,14.97,15.48,28.66,9.11,30.02,3.69
1189,2015-11-27,7716.342,0.0001,28.57,3.78,8.26,5.51,4.9,6.42,17.04,9.2,6.23,20.59,7.63,25.57,14.15,26.6,37.02,24.37,8.26,15.43,9.89,33.12,18.97,14.36,31.92,9.92,13.77,14.92,26.13,8.82,30.33,3.49
1190,2015-11-30,7728.44,0.0001,28.6,3.75,8.4,5.48,4.91,6.42,17.2,9.6,6.22,21.08,7.63,26.59,13.88,26.31,35.72,24.13,8.4,15.41,9.69,33.19,18.37,13.9,31.63,9.92,13.56,14.75,26.17,8.68,27.3,3.46
1191,2015-12-01,7775.922,0.0001,29.22,3.75,8.7,5.52,4.93,6.45,17.11,10.56,6.21,21.17,7.81,28.21,13.97,26.72,36.0,24.45,8.7,15.46,9.74,32.82,18.52,14.53,32.02,9.92,13.6,14.81,27.14,8.85,25.44,3.48
1192,2015-12-02,8071.593000000001,0.0001,30.07,3.88,8.78,5.68,5.09,6.88,17.91,11.62,6.4,21.87,8.05,28.73,14.33,29.39,36.34,25.16,8.78,15.72,9.93,32.28,18.8,14.58,32.55,9.92,13.89,15.39,26.9,9.14,26.9,3.55
1193,2015-12-03,8106.668000000001,0.0001,30.09,3.88,8.85,5.67,5.14,6.81,17.78,11.36,6.41,21.71,8.25,28.96,14.39,29.61,36.79,25.38,8.85,15.82,10.07,33.38,18.8,14.64,32.53,9.92,14.06,15.34,27.34,9.09,26.65,3.56
1194,2015-12-04,7927.205,0.0001,30.14,3.82,8.84,5.53,5.03,6.65,17.25,11.0,6.24,21.51,8.06,28.21,14.01,28.46,36.11,25.02,8.84,15.39,9.92,32.91,18.98,15.62,32.01,9.92,13.77,15.08,26.98,8.89,26.13,3.51
1195,2015-12-07,7942.687,0.0001,30.46,3.79,8.86,5.51,5.02,6.68,17.39,10.83,6.26,21.51,8.05,31.03,14.11,28.05,35.97,26.0,8.86,15.47,9.98,34.56,19.94,16.04,32.33,9.92,14.22,15.15,29.68,8.95,26.45,3.55
1196,2015-12-08,7818.585999999999,0.0001,29.75,3.69,8.62,5.4,4.91,6.51,17.42,10.72,6.11,20.6,7.85,33.53,13.69,27.85,34.6,25.6,8.62,15.0,9.73,33.53,19.94,15.1,31.63,9.92,13.64,14.83,28.81,8.8,25.3,3.46
1197,2015-12-09,7830.420999999999,0.0001,29.69,3.67,8.68,5.41,4.89,6.49,17.39,11.19,6.12,20.77,7.85,33.54,13.51,28.14,34.87,25.32,8.68,14.81,9.9,33.96,20.41,14.54,31.14,9.92,13.4,14.8,28.59,8.92,25.7,3.48
1198,2015-12-10,7790.266,0.0001,30.0,3.6,8.66,5.38,4.89,6.41,17.26,10.45,6.06,20.49,7.73,33.46,13.58,27.96,34.15,25.21,8.66,14.84,9.73,35.7,20.12,14.82,31.02,9.92,13.37,14.73,28.16,8.74,25.34,3.44
1199,2015-12-11,7743.889,0.0001,29.93,3.63,8.41,5.42,4.83,6.41,16.92,10.35,6.04,20.62,7.64,34.53,13.76,27.54,34.57,25.21,8.41,14.48,9.62,34.79,20.83,14.43,31.25,9.92,13.29,14.6,28.21,8.59,24.67,3.45
1200,2015-12-14,7971.321,0.0001,29.96,3.74,8.72,5.51,4.91,6.56,17.06,10.57,6.22,20.98,7.85,35.34,14.28,29.46,35.8,24.26,8.72,14.78,9.74,34.51,22.91,14.62,31.53,9.92,13.72,14.9,28.35,8.77,25.28,3.66
1201,2015-12-15,7905.246999999999,0.0001,29.94,3.66,8.74,5.45,4.89,6.52,17.03,10.71,6.15,21.33,7.83,34.54,14.11,28.69,35.72,23.88,8.74,14.84,9.92,35.11,22.63,14.75,31.5,9.92,13.64,14.95,29.09,8.68,25.87,3.57
1202,2015-12-16,7895.420999999999,0.0001,30.09,3.68,8.89,5.42,4.99,6.48,16.96,10.47,6.24,21.09,7.78,33.69,14.2,28.51,35.53,23.82,8.89,15.04,9.9,34.53,22.74,14.64,31.51,9.92,13.8,14.84,28.76,8.65,25.62,3.6
1203,2015-12-17,8026.393,0.0001,30.51,3.76,9.09,5.64,5.02,6.58,17.1,11.52,6.31,21.3,8.08,37.06,14.37,28.85,35.99,24.22,9.09,15.43,10.5,35.71,22.39,15.36,31.93,9.92,14.28,15.1,30.09,8.78,25.84,3.62
1204,2015-12-18,8051.124,0.0001,30.7,3.71,9.09,5.52,5.0,6.56,17.52,11.35,6.28,21.8,7.96,36.96,14.14,28.78,35.56,23.99,9.09,15.15,10.47,34.39,21.71,15.47,32.2,9.92,14.2,16.12,29.49,8.78,25.5,3.58
1205,2015-12-21,8269.431,0.0001,31.4,3.81,9.15,5.65,5.05,6.67,18.23,11.99,6.38,22.74,8.11,40.66,14.54,29.67,36.46,24.54,9.15,15.34,10.58,34.44,21.83,15.63,34.49,9.92,14.38,17.73,29.54,9.15,25.96,3.64
1206,2015-12-22,8281.177,0.0001,30.86,3.86,9.15,5.77,5.05,6.66,18.27,11.85,6.36,22.76,8.16,41.1,15.05,29.68,36.37,24.28,9.15,15.48,10.46,37.88,21.83,16.1,33.86,9.92,14.42,18.34,29.95,9.17,25.99,3.65
1207,2015-12-23,8279.555,0.0001,30.27,3.76,9.28,5.68,5.06,6.66,18.19,11.84,6.28,22.38,8.06,41.31,14.59,29.8,35.95,24.09,9.28,15.36,10.32,38.71,21.31,15.43,33.9,9.92,14.16,18.15,31.28,9.09,25.7,3.59
1208,2015-12-24,8196.034,0.0001,30.21,3.72,9.45,5.69,5.04,6.56,18.14,11.28,6.23,22.48,7.96,38.45,14.82,30.42,35.16,23.82,9.45,15.63,10.25,37.64,21.56,15.82,33.56,9.92,14.02,17.18,31.53,9.0,25.23,3.57
1209,2015-12-25,8227.048,0.0001,30.26,3.71,9.49,5.65,5.03,6.61,18.33,11.4,6.25,22.49,8.0,38.5,14.66,30.05,36.07,23.94,9.49,15.6,10.16,36.97,21.28,15.74,33.75,9.92,14.13,17.1,32.49,9.02,25.28,3.58
1210,2015-12-28,7973.8769999999995,0.0001,29.45,3.62,10.44,5.53,4.92,6.44,17.84,10.83,6.28,22.12,7.83,39.36,14.01,28.94,34.97,23.54,10.44,14.96,10.27,37.02,21.07,14.93,32.74,9.92,13.59,16.48,30.39,8.69,25.48,3.51
1211,2015-12-29,8043.144,0.0001,29.93,3.65,10.89,5.63,4.96,6.48,17.94,10.95,6.21,22.38,7.86,40.87,14.12,28.99,35.05,23.52,10.89,15.24,10.5,38.03,21.42,15.02,32.93,9.92,13.7,16.6,29.49,8.72,26.0,3.56
1212,2015-12-30,8045.919,0.0001,29.97,3.64,10.51,5.59,4.97,6.67,18.26,10.85,6.32,22.57,7.95,40.71,14.16,28.54,35.31,23.58,10.51,16.15,10.33,37.68,21.44,14.92,33.39,9.92,13.7,16.54,29.67,8.74,25.68,3.56
1213,2015-12-31,7995.769,0.0001,29.52,3.61,9.89,5.58,4.96,6.58,17.99,10.64,6.18,22.49,7.87,44.61,14.02,28.31,34.83,23.49,9.89,16.68,10.1,36.08,21.0,14.73,33.2,9.92,13.63,16.43,28.83,8.62,25.79,3.52
1214,2016-01-04,7458.314,0.0001,28.27,3.26,8.9,5.23,4.78,6.0,17.28,9.63,5.8,21.3,7.29,40.15,12.66,26.27,32.21,21.9,8.9,15.73,9.2,32.47,19.68,13.32,31.03,9.92,12.42,15.17,25.95,8.35,23.42,3.31
1215,2016-01-05,7488.678000000001,0.0001,28.76,3.34,8.5,5.43,4.74,6.03,17.23,9.86,5.72,21.23,7.36,36.59,12.84,26.85,34.17,22.04,8.5,17.3,9.19,31.44,20.93,13.19,30.84,9.92,12.48,15.49,25.67,8.28,22.98,3.4
1216,2016-01-06,7614.226,0.0001,29.5,3.62,8.77,5.97,4.9,6.26,17.31,10.01,5.76,21.53,7.55,36.79,13.59,26.92,34.33,22.32,8.77,17.64,9.43,32.18,21.89,13.54,31.45,9.92,12.93,15.54,25.94,8.49,23.29,3.57
1217,2016-01-07,7107.529,0.0001,27.99,3.27,7.89,5.38,4.65,5.79,16.67,9.07,5.3,19.93,6.94,33.11,12.35,25.03,31.47,20.76,7.89,15.9,8.84,28.96,21.1,12.24,29.77,9.92,11.71,14.5,23.35,8.03,20.96,3.29
1218,2016-01-08,7252.164000000001,0.0001,28.03,3.55,8.12,5.92,4.77,6.0,16.81,9.49,5.46,20.04,7.1,33.17,12.9,25.44,31.6,20.99,8.12,17.41,9.09,28.42,22.65,12.47,30.48,9.92,11.99,14.92,22.87,8.22,20.48,3.52
1219,2016-01-11,6892.281,0.0001,27.11,3.31,7.49,5.73,4.65,5.83,16.04,8.84,5.03,18.74,6.85,31.0,12.7,23.64,28.81,19.96,7.49,15.69,8.68,25.58,22.06,11.79,29.69,9.92,11.32,14.42,20.58,7.64,18.43,3.39
1220,2016-01-12,6928.5509999999995,0.0001,26.82,3.23,7.6,5.5,4.68,5.89,15.98,8.99,5.03,19.08,6.86,32.86,12.59,23.83,29.18,20.03,7.6,15.08,8.61,24.93,19.85,11.76,29.33,9.92,11.93,14.62,20.59,7.65,18.67,3.29
1221,2016-01-13,6798.352,0.0001,26.79,3.24,7.45,5.73,4.64,5.76,15.87,8.87,4.99,18.94,6.76,31.46,12.46,23.33,27.88,19.7,7.45,13.77,8.24,23.84,18.59,11.75,28.88,9.92,11.36,14.4,19.61,7.5,19.03,3.25
1222,2016-01-14,6912.073,0.0001,26.87,3.29,7.69,6.04,4.64,5.81,15.89,9.14,5.01,19.32,6.82,33.0,12.85,23.7,28.77,20.14,7.69,14.41,8.4,24.87,18.76,12.01,29.04,9.92,11.65,14.63,20.52,7.62,19.73,3.28
1223,2016-01-15,6693.435,0.0001,26.49,3.13,7.2,5.86,4.46,5.52,15.48,8.59,4.72,18.86,6.52,31.88,12.23,23.25,27.27,19.77,7.2,13.88,8.1,23.37,17.85,11.33,28.01,9.92,11.19,14.27,19.14,7.35,18.7,3.13
1224,2016-01-18,6707.411,0.0001,26.59,3.14,7.27,5.84,4.44,5.48,15.42,8.61,4.72,18.8,6.47,31.96,12.24,23.23,27.3,19.15,7.27,14.07,8.17,24.43,17.94,11.32,27.94,9.92,11.2,14.26,19.36,7.35,18.81,3.12
1225,2016-01-19,6907.887,0.0001,27.34,3.21,7.62,6.02,4.54,5.64,15.71,9.36,4.87,19.25,6.86,33.01,12.56,23.89,28.17,19.7,7.62,14.99,8.43,25.85,18.32,11.71,28.7,9.92,11.55,14.68,20.28,7.63,19.43,3.19
1226,2016-01-20,6801.236,0.0001,27.24,3.17,7.68,5.66,4.49,5.52,15.52,8.95,4.76,18.77,6.61,31.93,12.5,23.02,27.63,19.21,7.68,14.62,8.25,24.78,18.89,11.43,28.08,9.92,11.92,14.31,21.15,7.44,18.72,3.2
1227,2016-01-21,6609.496999999999,0.0001,26.81,3.06,7.42,5.4,4.41,5.39,15.3,8.81,4.61,18.17,6.34,29.22,12.01,22.3,27.03,18.71,7.42,13.79,8.04,24.88,18.77,11.0,27.75,9.92,11.3,14.0,19.91,7.3,17.87,3.1
1228,2016-01-22,6679.463000000001,0.0001,27.19,3.14,7.48,5.49,4.47,5.42,15.28,9.01,4.66,18.69,6.41,29.36,12.16,22.25,27.29,18.45,7.48,13.93,8.23,24.93,18.37,11.08,28.18,9.92,11.56,14.0,20.02,7.39,17.89,3.12
1229,2016-01-25,6702.835999999999,0.0001,27.38,3.14,7.71,5.63,4.5,5.44,15.48,9.11,4.62,18.82,6.38,30.72,12.44,22.25,27.48,18.67,7.71,14.53,8.34,24.79,18.64,11.15,28.2,9.92,11.78,14.01,20.48,7.4,18.17,3.13
1230,2016-01-26,6300.651,0.0001,26.64,2.92,7.25,5.13,4.28,5.01,14.86,8.52,4.16,18.16,5.74,27.82,11.7,20.76,24.73,17.66,7.25,13.44,7.66,22.31,18.8,10.06,26.49,9.92,10.7,12.98,18.43,6.96,16.42,2.96
1231,2016-01-27,6271.818,0.0001,25.87,2.95,7.2,5.44,4.36,4.93,15.0,8.75,4.08,18.29,5.4,28.98,12.11,20.32,23.96,17.32,7.2,13.4,7.73,23.01,18.23,9.92,26.59,9.92,10.72,13.01,17.89,6.96,15.79,2.87
1232,2016-01-28,6107.38,0.0001,25.24,2.69,6.91,5.18,4.32,4.69,14.72,8.37,3.88,18.3,5.22,28.02,11.14,19.85,21.57,17.48,6.91,12.42,7.48,21.38,16.44,9.71,27.0,9.92,10.23,12.84,17.22,6.71,15.5,2.71
1233,2016-01-29,6308.479,0.0001,25.86,2.96,7.11,5.21,4.38,4.81,14.99,8.71,4.05,18.68,5.42,29.07,11.46,20.44,22.45,18.19,7.11,12.98,7.77,22.49,16.69,9.9,27.49,9.92,10.57,13.34,18.07,6.81,17.05,2.79
1234,2016-02-01,6198.525,0.0001,25.22,2.82,7.03,4.94,4.3,4.63,14.72,8.6,3.96,17.89,5.29,28.49,11.16,19.81,21.37,18.14,7.03,12.72,7.67,21.68,17.38,9.91,26.94,8.93,10.24,13.23,17.95,6.65,18.42,2.78
1235,2016-02-02,6321.24,0.0001,25.6,2.89,7.18,4.95,4.33,4.73,14.85,9.04,4.06,18.71,5.43,29.16,11.43,20.09,22.08,18.39,7.18,13.27,7.8,22.88,17.67,10.09,27.25,8.51,10.57,13.45,18.41,6.76,18.87,2.83
1236,2016-02-03,6286.3009999999995,0.0001,25.56,2.83,7.18,4.84,4.27,4.74,14.67,9.14,4.07,18.91,5.39,28.56,11.31,19.74,22.1,18.17,7.18,13.31,7.73,22.83,18.11,9.98,26.77,8.27,10.51,13.31,18.39,6.72,18.7,2.85
1237,2016-02-04,6368.616,0.0001,25.97,2.88,7.33,4.9,4.33,4.79,14.88,9.08,4.12,19.22,5.46,28.97,11.67,20.0,22.57,18.34,7.33,13.5,8.03,23.27,18.78,10.17,27.05,8.4,10.66,13.45,18.77,6.76,18.87,2.94
1238,2016-02-05,6334.762,0.0001,26.12,2.84,7.25,4.93,4.34,4.76,14.86,9.0,4.04,19.25,5.37,30.7,11.39,19.89,22.9,18.14,7.25,13.14,7.84,22.98,20.66,10.12,26.89,8.28,10.57,13.36,18.6,6.72,18.37,3.02
1239,2016-02-15,6293.585,0.0001,26.84,2.85,7.17,4.83,4.3,4.69,14.66,8.81,4.01,19.65,5.29,31.66,11.71,19.66,22.74,18.1,7.17,12.96,7.75,23.31,22.73,9.88,26.59,8.11,10.38,13.16,18.15,6.67,18.11,3.32
1240,2016-02-16,6483.041,0.0001,27.22,2.93,7.43,4.99,4.41,4.86,14.94,9.05,4.17,20.0,5.56,31.99,11.98,20.4,24.19,18.65,7.43,13.5,8.46,25.07,22.88,10.26,27.26,8.41,10.79,13.53,19.97,6.86,18.83,3.37
1241,2016-02-17,6533.108,0.0001,27.89,2.96,7.5,5.06,4.45,4.91,15.03,9.08,4.24,19.83,5.76,31.3,11.99,20.53,24.4,18.7,7.5,13.61,8.46,25.05,22.64,10.48,27.3,8.47,10.96,13.76,20.53,6.89,18.94,3.33
1242,2016-02-18,6514.473000000001,0.0001,27.99,2.95,7.65,5.08,4.44,5.4,14.9,9.2,4.27,19.5,5.75,30.74,11.92,20.27,24.01,18.49,7.65,13.51,8.33,24.71,22.21,10.39,27.33,8.4,10.92,13.63,20.48,6.85,20.83,3.26
1243,2016-02-19,6504.484,0.0001,27.8,2.94,7.63,5.04,4.4,5.43,14.75,9.05,4.26,19.38,5.69,31.13,11.82,20.18,24.2,18.67,7.63,13.55,8.49,24.94,21.69,10.36,27.27,8.33,10.91,13.55,20.69,6.83,20.66,3.18
1244,2016-02-22,6654.057,0.0001,28.31,3.07,7.81,5.37,4.49,5.46,15.01,9.35,4.44,19.68,5.88,31.34,12.54,22.2,24.59,18.86,7.81,14.09,8.48,25.35,21.9,10.68,27.83,8.52,11.19,13.84,20.93,6.96,21.44,3.22
1245,2016-02-23,6583.576999999999,0.0001,27.85,3.04,7.75,5.38,4.48,5.37,14.83,9.35,4.34,19.33,5.81,30.74,12.46,21.6,24.22,19.03,7.75,13.99,8.24,25.62,23.28,11.19,27.95,8.4,11.01,13.66,20.84,6.88,20.65,3.27
1246,2016-02-24,6641.499,0.0001,28.24,3.03,7.79,5.42,4.5,5.37,14.81,9.38,4.45,19.79,5.86,30.3,12.46,22.13,24.94,19.23,7.79,14.29,8.23,26.11,24.37,11.16,28.01,8.35,11.29,13.89,21.59,7.02,20.4,3.33
1247,2016-02-25,6242.826,0.0001,27.9,2.78,7.29,5.08,4.28,4.92,14.25,8.7,4.07,18.86,5.3,28.56,11.3,20.26,22.45,17.71,7.29,13.13,7.65,23.5,23.92,10.04,26.55,7.78,10.29,12.97,19.43,6.58,18.69,3.11
1248,2016-02-26,6309.568,0.0001,27.98,2.85,7.34,5.23,4.36,4.98,14.45,8.8,4.11,19.15,5.37,28.53,11.6,20.55,22.43,18.13,7.34,13.24,8.01,22.53,24.82,10.03,26.72,7.79,10.37,13.09,19.56,6.69,18.78,3.17
1249,2016-02-29,6205.368,0.0001,27.2,2.75,6.96,5.07,4.35,4.89,14.56,9.08,4.02,18.9,5.22,27.15,11.13,19.88,20.98,17.95,6.96,12.58,7.95,20.28,25.26,9.19,26.54,7.48,10.01,12.99,18.25,6.49,16.93,3.13
1250,2016-03-01,6307.659000000001,0.0001,27.31,2.82,7.17,5.13,4.41,5.0,14.65,9.48,4.08,18.72,5.32,27.36,11.46,20.67,21.55,18.14,7.17,12.72,8.15,20.55,26.94,9.65,26.68,8.23,10.19,13.17,18.65,6.57,17.3,3.3
1251,2016-03-02,6564.599,0.0001,28.57,3.01,7.73,5.44,4.55,5.3,14.96,10.43,4.25,19.66,5.62,28.27,12.61,21.75,22.97,18.83,7.73,13.27,8.34,21.42,27.15,10.17,27.79,8.59,10.7,13.63,19.97,6.79,18.3,3.37
1252,2016-03-03,6597.596,0.0001,28.78,2.98,7.93,5.37,4.55,5.38,15.15,10.35,4.26,19.64,5.64,28.22,12.43,22.1,23.3,18.88,7.93,13.35,8.26,22.97,27.96,10.54,27.76,8.56,10.66,13.85,20.21,6.8,18.43,3.46
1253,2016-03-04,6732.387,0.0001,28.31,2.99,7.94,5.39,4.69,5.53,15.97,10.27,4.37,19.82,5.7,29.01,12.72,22.71,23.91,19.16,7.94,13.42,8.01,21.0,27.79,10.18,27.56,8.7,10.5,14.35,19.72,6.96,17.7,3.48
1254,2016-03-07,6731.549,0.0001,29.09,3.14,8.73,5.6,4.7,5.54,15.78,10.18,4.36,19.78,5.76,28.79,13.5,22.36,24.54,19.1,8.73,13.41,8.05,21.97,29.63,11.05,28.04,8.59,10.75,14.22,20.16,6.97,18.19,3.58
1255,2016-03-08,6739.959,0.0001,28.62,3.11,8.51,5.58,4.72,5.48,15.96,10.06,4.35,19.81,5.75,28.5,13.11,22.19,24.08,19.09,8.51,13.37,8.09,22.12,28.68,10.76,27.81,8.57,10.76,13.97,20.41,6.92,18.74,3.5
1256,2016-03-09,6685.5019999999995,0.0001,27.89,2.93,7.66,5.31,4.64,5.4,16.05,9.88,4.32,19.86,5.68,28.26,12.23,22.01,23.32,18.96,7.66,13.18,7.99,21.48,26.57,10.35,27.33,8.58,10.46,13.56,20.04,6.94,18.13,3.36
1257,2016-03-10,6528.732,0.0001,27.96,2.89,7.43,5.18,4.55,5.32,15.66,9.46,4.22,19.33,5.59,27.65,12.06,21.38,22.74,18.68,7.43,12.97,7.94,20.88,27.1,10.19,27.26,8.32,10.31,13.43,19.37,6.82,17.7,3.3
1258,2016-03-11,6547.408,0.0001,27.98,2.9,7.46,5.18,4.58,5.28,15.76,9.35,4.24,19.28,5.6,27.46,11.92,21.65,22.58,18.49,7.46,12.73,7.99,20.95,27.81,10.24,27.13,8.27,10.32,13.36,19.05,6.73,17.41,3.34
1259,2016-03-14,6621.8640000000005,0.0001,28.77,2.96,7.66,5.26,4.61,5.45,15.72,9.59,4.3,19.5,5.71,28.06,12.25,21.92,23.48,18.91,7.66,13.04,8.13,23.05,28.16,10.54,27.63,8.47,10.63,13.6,19.69,6.84,18.07,3.42
1260,2016-03-15,6663.596,0.0001,28.82,2.92,7.45,5.19,4.6,5.41,15.86,9.72,4.3,19.57,5.75,27.9,12.67,23.31,23.9,19.06,7.45,12.96,8.27,22.6,26.1,10.52,27.94,8.5,10.56,14.25,19.79,6.9,17.86,3.36
1261,2016-03-16,6741.318,0.0001,28.67,2.89,7.33,5.21,4.68,5.46,16.42,9.65,4.36,19.8,5.76,28.47,12.36,23.2,23.21,19.04,7.33,12.96,8.15,22.42,26.53,10.25,27.57,8.64,10.43,13.94,19.1,6.96,17.46,3.38
1262,2016-03-17,6775.9619999999995,0.0001,29.38,2.94,7.61,5.25,4.68,5.51,16.23,9.69,4.41,19.98,5.83,28.81,12.61,23.12,24.16,19.24,7.61,13.3,8.33,23.39,26.8,10.51,27.99,8.67,10.69,14.1,19.44,6.96,18.71,3.39
1263,2016-03-18,6846.879,0.0001,29.36,3.01,7.84,5.37,4.69,5.56,16.17,9.8,4.39,20.08,5.88,29.08,12.83,23.15,24.89,19.41,7.84,13.57,8.54,24.29,27.26,10.88,28.54,8.77,10.96,14.29,20.14,7.01,19.53,3.41
1264,2016-03-21,7015.621,0.0001,29.42,3.06,8.05,5.44,4.69,5.76,16.22,10.01,4.52,20.17,6.05,29.64,13.14,23.97,25.48,20.04,8.05,13.75,8.65,25.18,27.16,11.57,28.87,8.92,11.19,14.59,20.58,7.06,20.0,3.42
1265,2016-03-22,6962.024,0.0001,29.28,3.02,7.89,5.33,4.66,5.67,16.19,9.82,4.48,20.34,5.99,28.98,12.87,23.39,26.17,20.14,7.89,13.73,8.54,24.74,27.96,11.45,28.71,8.81,11.2,14.39,20.39,6.99,19.7,3.4
1266,2016-03-23,6970.715999999999,0.0001,29.31,3.08,7.91,5.35,4.66,5.8,16.18,9.72,4.51,19.94,5.99,28.93,13.21,23.77,25.62,20.12,7.91,14.62,8.66,25.01,27.05,11.59,28.53,8.79,11.16,14.52,20.83,6.94,19.79,3.35
1267,2016-03-24,6849.5380000000005,0.0001,29.31,2.98,7.78,5.24,4.54,5.64,16.11,9.55,4.4,19.77,5.83,28.44,12.64,23.33,24.98,19.73,7.78,14.27,8.66,25.36,26.05,11.54,28.27,8.54,11.11,14.12,20.08,6.81,19.32,3.26
1268,2016-03-25,6885.925,0.0001,29.88,2.97,7.91,5.23,4.54,5.67,16.13,9.61,4.35,19.74,5.88,29.19,12.66,23.83,25.0,19.8,7.91,14.41,8.87,25.0,25.3,11.86,28.34,8.5,11.32,14.17,20.56,6.82,19.47,3.27
1269,2016-03-28,6814.272,0.0001,29.31,2.95,7.83,5.2,4.54,5.65,15.85,9.37,4.31,19.6,5.88,29.36,12.59,23.39,24.69,19.8,7.83,14.19,9.02,24.86,25.63,11.38,28.75,8.47,11.21,14.1,21.39,6.79,20.3,3.27
1270,2016-03-29,6748.238,0.0001,29.21,2.92,7.83,5.13,4.54,5.54,15.79,9.13,4.23,19.37,5.79,28.77,12.45,23.37,24.02,19.4,7.83,13.74,8.82,24.37,25.93,10.99,28.08,8.37,10.98,13.94,21.48,6.72,19.75,3.25
1271,2016-03-30,6916.933000000001,0.0001,29.59,2.98,8.02,5.26,4.73,5.67,16.24,9.39,4.35,19.45,5.94,30.55,12.75,24.09,24.87,19.89,8.02,14.18,9.0,25.58,26.38,11.28,28.74,8.53,11.29,14.3,22.48,6.86,20.44,3.3
1272,2016-03-31,6921.8769999999995,0.0001,30.09,2.96,8.31,5.25,4.76,5.69,16.09,9.28,4.39,19.38,6.02,30.17,12.68,23.86,25.12,19.93,8.31,14.4,8.95,25.23,26.29,11.13,28.7,8.47,11.22,14.57,21.85,6.87,20.24,3.27
1273,2016-04-01,6952.406999999999,0.0001,29.87,3.02,8.09,5.32,4.9,5.65,16.27,9.32,4.54,19.4,6.03,29.8,12.98,23.97,24.93,19.95,8.09,14.78,8.83,26.94,26.8,10.94,28.74,8.55,11.06,14.47,21.23,6.96,19.78,3.29
1274,2016-04-05,7023.804,0.0001,30.01,3.05,8.22,5.38,4.88,5.7,16.34,9.46,4.54,20.33,6.22,30.21,13.11,24.04,25.82,20.09,8.22,15.03,8.9,27.59,27.0,11.24,29.11,8.59,11.25,14.7,21.49,6.99,20.32,3.3
1275,2016-04-06,6996.088000000001,0.0001,29.69,3.02,8.45,5.33,4.98,5.66,16.26,9.45,4.49,20.73,6.28,30.05,12.95,23.79,25.63,20.19,8.45,15.07,8.87,27.4,27.19,11.36,29.15,8.55,11.28,14.65,21.35,6.98,20.1,3.28
1276,2016-04-07,6894.066999999999,0.0001,29.26,3.03,8.43,5.36,4.95,5.59,16.1,9.37,4.41,20.43,6.09,29.83,12.71,23.32,24.98,19.75,8.43,14.63,8.66,26.17,27.25,11.08,28.55,8.47,11.11,14.44,20.76,6.89,19.75,3.25
1277,2016-04-08,6844.669,0.0001,29.03,2.99,9.02,5.51,4.87,5.47,16.16,9.22,4.34,20.2,6.06,29.61,12.53,22.95,24.49,19.41,9.02,14.72,8.55,25.55,29.87,10.84,28.15,8.31,10.92,14.34,20.86,6.81,19.46,3.31
1278,2016-04-11,6938.485,0.0001,29.1,3.08,9.04,5.86,4.94,5.78,16.31,9.36,4.41,20.32,6.24,30.08,12.96,23.23,24.91,20.07,9.04,14.81,8.81,27.14,30.38,11.06,28.77,8.44,11.11,14.52,21.02,6.9,19.8,3.35
1279,2016-04-12,6917.991,0.0001,29.15,3.06,9.02,5.91,4.94,5.72,16.29,9.24,4.38,20.0,6.18,29.89,12.9,23.12,24.66,20.11,9.02,14.84,8.65,27.63,30.37,11.05,28.84,8.38,11.03,14.44,20.66,6.76,20.22,3.36
1280,2016-04-13,7010.438,0.0001,29.27,3.22,9.05,5.91,5.08,5.87,16.48,9.4,4.44,20.14,6.33,29.91,13.47,23.46,25.31,20.24,9.05,14.78,8.81,27.84,30.8,11.24,28.95,8.41,11.22,14.49,20.85,6.85,20.36,3.4
1281,2016-04-14,7037.371999999999,0.0001,29.14,3.18,8.92,5.95,5.04,5.95,16.46,9.49,4.47,20.1,6.35,29.88,13.4,23.69,25.5,20.44,8.92,14.8,8.79,27.96,29.79,11.3,29.0,8.44,11.27,14.61,21.06,6.86,20.44,3.35
1282,2016-04-15,7039.326,0.0001,29.36,3.14,8.96,5.82,5.01,6.08,16.93,9.49,4.42,20.09,6.31,29.83,13.6,23.52,25.58,20.26,8.96,14.95,8.8,27.65,29.82,11.24,28.91,8.41,11.21,14.56,21.3,6.84,20.5,3.33
1283,2016-04-18,6945.8330000000005,0.0001,28.67,3.12,8.91,5.79,4.86,5.84,17.06,9.29,4.35,19.98,6.17,29.2,13.17,23.17,24.69,19.88,8.91,14.59,8.76,26.91,29.8,11.01,28.45,8.29,11.0,14.39,21.22,6.73,19.66,3.29
1284,2016-04-19,6967.214,0.0001,28.63,3.16,8.78,5.85,4.87,5.83,17.11,9.29,4.33,20.1,6.23,29.1,13.64,23.12,24.75,19.99,8.78,14.43,8.76,27.1,30.41,11.02,28.54,8.33,11.02,14.49,22.61,6.74,19.67,3.32
1285,2016-04-20,6883.938,0.0001,27.72,3.16,8.82,5.8,4.8,5.67,17.33,9.15,4.19,19.76,6.05,28.4,14.32,23.12,23.38,19.38,8.82,13.8,8.38,25.15,29.9,10.69,27.77,8.11,10.52,14.13,22.6,6.65,18.75,3.25
1286,2016-04-21,6837.767,0.0001,27.98,3.28,8.63,5.86,4.9,5.57,17.69,9.03,4.15,19.59,5.94,27.99,14.58,22.42,23.03,19.18,8.63,13.62,8.34,24.5,31.02,10.75,27.71,7.99,10.38,14.07,21.32,6.55,18.56,3.32
1287,2016-04-22,6860.27,0.0001,28.31,3.15,8.38,5.7,4.9,5.53,17.87,9.15,4.13,19.88,5.95,28.32,13.9,22.24,23.39,19.2,8.38,13.85,8.39,25.12,29.41,10.64,27.88,8.0,10.41,14.19,20.9,6.56,18.61,3.24
1288,2016-04-25,6824.257,0.0001,28.29,3.11,8.14,5.78,4.88,5.48,17.9,9.05,4.08,20.2,5.9,27.88,13.74,21.9,22.96,18.98,8.14,13.84,8.3,24.5,28.34,10.42,27.7,7.96,10.37,14.19,20.42,6.54,18.49,3.19
1289,2016-04-26,6858.504,0.0001,28.08,3.12,8.27,5.77,4.9,5.53,17.91,9.1,4.09,20.15,5.92,27.99,13.73,22.01,23.19,19.08,8.27,14.23,8.35,24.9,27.91,10.57,28.09,7.91,10.51,14.2,20.88,6.56,18.65,3.19
1290,2016-04-27,6827.057,0.0001,28.0,3.06,8.18,5.69,4.92,5.46,17.88,9.11,4.09,20.16,5.94,27.92,13.37,21.95,22.95,19.18,8.18,13.98,8.26,25.1,29.55,10.5,28.09,7.89,10.4,14.39,20.46,6.55,19.09,3.23
1291,2016-04-28,6815.0419999999995,0.0001,27.87,3.03,8.17,5.56,4.93,5.41,17.88,9.0,4.07,20.27,5.91,27.76,13.28,21.8,22.71,19.1,8.17,13.76,8.34,24.95,29.69,10.33,28.28,8.0,10.34,14.64,20.28,6.57,18.84,3.18
1292,2016-04-29,6799.630999999999,0.0001,27.21,3.04,8.15,5.57,4.87,5.4,17.75,8.95,4.04,20.51,5.92,27.87,13.43,21.69,22.71,19.31,8.15,13.97,8.52,24.48,30.49,10.44,29.05,8.33,10.33,15.03,20.27,6.54,18.86,3.21
1293,2016-05-03,6903.642,0.0001,27.75,3.09,8.41,5.64,4.85,5.53,17.7,9.09,4.12,20.75,6.09,28.83,13.87,22.08,23.34,19.74,8.41,14.35,8.83,25.36,32.49,10.81,30.15,8.71,10.55,15.39,20.73,6.61,19.27,3.29
1294,2016-05-04,6900.448,0.0001,28.26,3.05,8.36,5.6,4.82,5.52,17.65,9.12,4.12,20.64,6.12,28.72,13.69,22.02,23.44,19.75,8.36,14.19,8.73,25.1,32.02,10.89,29.69,8.64,10.49,15.21,20.78,6.6,19.28,3.25
1295,2016-05-05,6906.065,0.0001,28.29,3.07,8.36,5.56,4.8,5.52,17.62,9.22,4.12,20.88,6.19,28.62,13.87,21.97,23.59,19.72,8.36,14.31,8.73,25.31,31.94,10.93,29.7,8.66,10.51,15.39,20.8,6.59,19.16,3.25
1296,2016-05-06,6738.271,0.0001,27.97,2.99,7.8,5.41,4.72,5.35,17.32,9.05,4.02,20.88,6.0,27.91,13.38,21.12,22.53,19.14,7.8,13.62,8.46,23.78,31.51,10.66,28.69,8.33,10.1,14.55,20.0,6.47,18.53,3.17
1297,2016-05-09,6599.732,0.0001,27.58,2.82,7.78,5.17,4.64,5.03,17.3,8.85,3.92,20.76,5.9,27.36,12.26,20.47,21.6,18.59,7.78,13.34,8.38,22.36,29.53,10.24,28.89,8.25,9.9,14.59,19.24,6.33,17.93,3.09
1298,2016-05-10,6603.956999999999,0.0001,28.17,2.84,7.75,5.21,4.65,5.01,17.04,8.84,3.93,20.38,5.87,27.35,12.07,20.26,22.02,18.5,7.75,13.36,8.41,22.41,29.17,10.3,29.53,8.66,9.99,15.27,19.08,6.39,18.07,3.08
1299,2016-05-11,6630.859,0.0001,29.01,2.82,7.72,5.22,4.64,5.0,17.15,8.86,3.94,20.88,6.04,28.29,12.13,20.56,21.84,18.88,7.72,13.29,8.47,22.01,30.69,10.88,30.62,9.11,9.91,15.43,18.93,6.43,18.0,3.1
1300,2016-05-12,6649.571999999999,0.0001,28.53,2.86,7.58,5.25,4.62,5.01,17.46,8.9,3.93,21.46,6.02,27.8,12.6,21.05,21.94,18.73,7.58,13.48,8.37,22.51,30.32,10.95,30.43,9.07,9.86,15.3,18.6,6.41,17.85,3.09
1301,2016-05-13,6617.599,0.0001,27.91,2.81,7.54,5.23,4.64,5.01,17.57,8.9,3.91,21.42,6.09,27.57,12.36,20.74,21.88,18.64,7.54,13.29,8.34,22.22,31.48,10.38,30.16,8.98,9.83,15.06,18.65,6.46,17.89,3.1
1302,2016-05-16,6651.121,0.0001,28.15,2.85,7.62,5.2,4.67,5.03,17.5,8.96,3.94,21.62,6.12,27.87,12.87,20.69,22.34,18.81,7.62,13.42,8.38,22.56,32.62,10.65,30.29,9.07,9.9,15.48,18.78,6.47,19.04,3.17
1303,2016-05-17,6627.975,0.0001,27.87,2.89,7.58,5.25,4.76,5.01,17.48,8.55,3.92,21.6,6.04,27.74,13.2,20.73,22.22,18.7,7.58,13.42,8.31,22.73,31.83,10.47,29.71,8.83,9.83,15.35,18.91,6.43,18.74,3.12
1304,2016-05-18,6604.696,0.0001,27.5,2.81,7.29,5.15,4.7,4.93,17.82,8.45,3.88,21.65,5.95,27.27,12.73,20.76,21.58,18.53,7.29,13.21,8.32,21.82,31.96,10.15,29.37,8.88,9.61,15.13,18.7,6.36,18.22,3.09
1305,2016-05-19,6588.028,0.0001,27.43,2.93,7.34,5.19,4.68,4.91,17.81,8.34,3.87,21.83,5.91,27.24,13.65,20.57,21.63,18.56,7.34,13.18,8.26,21.97,31.35,10.08,29.15,8.84,9.6,15.19,18.54,6.35,18.17,3.07
1306,2016-05-20,6623.06,0.0001,27.15,2.89,7.5,5.21,4.7,4.95,17.88,8.42,3.87,21.81,5.91,27.05,13.6,20.65,21.92,18.62,7.5,13.25,8.28,22.39,30.5,10.16,29.23,9.14,9.64,15.37,18.73,6.35,18.29,3.06
1307,2016-05-23,6636.269,0.0001,27.39,2.87,7.54,5.22,4.7,4.98,17.52,8.41,3.9,19.57,5.9,27.12,13.62,20.68,22.25,18.77,7.54,13.33,8.34,22.46,30.67,10.19,29.21,9.1,9.71,15.42,18.87,6.36,18.72,3.06
1308,2016-05-24,6584.953,0.0001,26.81,2.83,7.41,5.16,4.68,4.91,17.33,8.41,3.87,19.31,5.79,26.94,13.25,20.55,21.88,18.76,7.41,13.15,8.29,22.93,30.32,10.29,28.86,8.98,9.78,15.26,18.39,6.34,18.13,3.06
1309,2016-05-25,6581.149,0.0001,26.86,2.82,7.45,5.17,4.71,4.91,17.55,8.3,3.87,19.12,5.73,27.05,12.84,20.48,21.76,18.63,7.45,13.02,8.27,22.87,29.29,10.21,29.15,8.86,9.86,15.07,18.41,6.34,18.1,3.02
1310,2016-05-26,6590.116999999999,0.0001,27.01,2.87,7.44,5.17,4.75,4.94,17.69,8.22,3.88,19.11,5.73,26.97,13.56,20.72,21.77,18.7,7.44,12.99,8.25,22.67,29.73,10.15,28.63,8.89,9.86,15.05,18.29,6.33,18.06,3.03
1311,2016-05-27,6583.89,0.0001,26.96,2.85,7.45,5.21,4.74,4.92,17.66,8.23,3.87,19.14,5.71,26.89,13.37,20.61,21.9,18.68,7.45,13.16,8.24,22.38,29.5,10.14,28.73,8.96,9.79,15.09,18.44,6.34,18.18,3.02
1312,2016-05-30,6603.808000000001,0.0001,27.0,2.85,7.42,5.18,4.75,4.92,17.84,8.19,3.89,19.19,5.72,26.74,13.67,20.75,21.72,18.64,7.42,13.09,8.39,22.24,28.6,10.03,28.37,8.77,9.75,15.0,18.28,6.37,17.86,2.99
1313,2016-05-31,6823.754,0.0001,27.71,3.05,7.68,5.29,4.83,5.09,18.0,8.49,4.0,19.6,5.9,27.5,15.04,21.62,22.64,19.28,7.68,13.42,8.65,23.61,29.6,10.35,29.63,9.15,10.07,15.41,18.99,6.5,18.6,3.06
1314,2016-06-01,6787.505999999999,0.0001,27.65,2.99,7.71,5.26,4.83,5.07,17.83,8.44,3.97,19.49,5.92,27.29,14.92,21.6,22.66,19.14,7.71,13.34,8.63,23.46,29.62,10.31,29.48,9.12,9.98,15.35,19.04,6.48,18.5,3.06
1315,2016-06-02,6797.6230000000005,0.0001,27.58,3.0,7.75,5.25,4.83,5.05,17.73,8.46,3.96,19.45,5.91,27.34,15.07,21.6,22.66,19.14,7.75,13.32,8.69,23.72,29.7,10.41,29.45,9.3,10.0,15.53,19.03,6.47,19.07,3.06
1316,2016-06-03,6837.72,0.0001,27.79,2.98,7.81,5.25,4.81,5.07,17.78,8.51,3.97,19.59,5.91,28.02,14.92,21.65,22.68,19.47,7.81,13.67,4.28,24.34,29.34,10.45,29.89,9.37,10.04,16.28,19.02,6.49,18.9,3.05
1317,2016-06-06,6805.968000000001,0.0001,27.76,2.95,7.81,5.26,4.8,5.07,17.64,8.49,3.96,19.74,5.94,27.74,14.8,21.38,22.49,19.41,7.81,13.52,4.2,24.08,31.54,10.69,29.8,9.27,9.98,16.15,19.06,6.46,19.08,3.11
1318,2016-06-07,6805.474,0.0001,27.5,2.98,7.81,5.23,4.81,5.04,17.8,8.5,3.94,19.76,5.9,27.75,14.7,21.39,22.29,19.38,7.81,13.54,4.21,23.79,30.83,10.68,29.97,9.25,9.96,16.41,18.9,6.45,18.91,3.08
1319,2016-06-08,6785.641,0.0001,27.55,2.92,7.74,5.15,4.85,5.02,17.77,8.47,3.92,19.79,5.91,27.65,14.06,21.47,22.69,19.25,7.74,13.35,4.18,23.79,31.23,10.58,29.71,9.18,9.94,16.28,18.85,6.43,18.71,3.09
1320,2016-06-13,6598.594,0.0001,27.13,2.82,7.53,5.03,4.72,4.88,17.32,8.16,3.84,19.49,5.71,26.82,13.52,20.68,21.66,18.65,7.53,12.9,4.05,22.09,33.86,10.14,29.69,8.9,9.52,15.79,17.97,6.34,18.05,3.15
1321,2016-06-14,6616.85,0.0001,26.75,2.83,7.46,5.04,4.72,4.94,17.38,8.15,3.86,19.26,5.7,26.67,13.7,20.83,21.55,18.55,7.46,12.9,4.04,22.18,33.72,10.22,29.21,8.92,9.53,16.06,17.97,6.35,18.12,3.09
1322,2016-06-15,6686.6359999999995,0.0001,26.99,2.88,7.65,5.07,4.74,5.0,17.39,8.23,3.88,19.67,5.83,27.12,14.12,20.94,21.99,18.73,7.65,13.15,4.1,22.84,35.93,10.63,29.49,9.04,9.7,16.23,18.28,6.38,18.7,3.16
1323,2016-06-16,6648.79,0.0001,26.51,2.83,7.83,4.99,4.69,4.98,17.4,8.15,3.84,20.04,5.73,26.83,13.91,20.79,21.73,18.49,7.83,13.26,4.05,22.5,38.57,10.45,29.14,8.88,9.8,16.26,17.93,6.35,19.26,3.48
1324,2016-06-17,6673.294,0.0001,26.58,2.86,7.86,5.01,4.7,5.02,17.5,8.29,3.84,20.18,5.79,26.91,14.01,20.39,21.73,18.66,7.86,13.18,4.05,22.65,37.12,10.53,29.19,8.91,9.74,16.32,17.96,6.36,19.24,3.42
1325,2016-06-20,6672.113,0.0001,26.27,2.85,7.81,5.01,4.7,4.99,17.51,8.54,3.84,20.18,5.86,27.46,13.79,20.42,21.5,18.77,7.81,13.41,4.03,22.54,36.31,10.43,29.08,8.9,9.75,16.33,17.82,6.36,19.16,3.38
1326,2016-06-21,6663.191,0.0001,26.05,2.82,7.7,4.98,4.7,4.97,17.54,8.48,3.82,20.09,5.84,27.09,13.74,20.39,21.39,18.76,7.7,13.32,4.02,22.49,35.56,10.31,28.75,8.82,9.7,16.31,18.03,6.35,18.83,3.27
1327,2016-06-22,6708.66,0.0001,26.13,2.84,7.83,5.01,4.74,4.99,17.5,8.59,3.83,20.0,5.9,27.59,13.9,20.6,21.62,18.95,7.83,13.38,4.03,23.17,35.08,10.42,28.9,8.88,9.82,16.32,18.11,6.37,19.12,3.27
1328,2016-06-23,6673.369000000001,0.0001,26.17,2.82,7.86,4.98,4.71,4.95,17.26,8.46,3.84,19.94,5.88,27.47,13.43,20.55,21.64,18.62,7.86,13.17,4.04,23.12,35.26,10.27,28.8,8.8,9.76,16.11,18.05,6.35,18.79,3.27
1329,2016-06-24,6583.743,0.0001,26.02,2.78,7.82,4.9,4.6,4.9,17.25,8.46,3.82,19.71,5.81,27.04,13.1,20.77,21.23,18.47,7.82,12.91,4.05,22.64,38.79,10.07,28.25,8.63,9.62,15.81,17.56,6.31,18.38,3.51
1330,2016-06-27,6661.342,0.0001,26.14,2.84,7.9,4.9,4.63,4.95,17.28,8.57,3.85,19.79,5.88,27.37,13.33,20.65,21.71,18.71,7.9,13.1,4.07,24.68,39.45,10.19,28.97,8.8,9.77,16.28,17.9,6.35,18.71,3.44
1331,2016-06-28,6689.8859999999995,0.0001,26.08,2.83,7.87,4.9,4.63,4.96,17.29,8.54,3.85,19.81,5.9,30.11,13.39,20.71,22.22,18.87,7.87,13.2,4.17,24.62,39.48,10.25,28.93,8.79,9.8,16.29,18.07,6.36,18.72,3.4
1332,2016-06-29,6742.343000000001,0.0001,25.99,2.88,7.89,4.9,4.68,5.04,17.45,8.54,3.86,19.83,6.05,29.57,13.57,20.92,22.33,18.83,7.89,13.18,4.14,24.9,39.97,10.4,29.09,8.83,9.84,16.46,18.14,6.41,19.02,3.39
1333,2016-06-30,6735.887,0.0001,26.05,2.86,7.89,4.9,4.72,5.02,17.5,8.63,3.81,19.8,5.82,29.79,13.31,20.82,22.26,19.02,7.89,13.37,4.13,24.92,38.91,10.53,29.07,8.88,9.82,16.67,18.08,6.44,18.85,3.37
1334,2016-07-01,6748.0019999999995,0.0001,25.99,2.84,7.89,4.9,4.7,5.04,17.63,8.57,3.82,19.93,5.8,29.56,13.3,20.83,22.58,18.95,7.89,13.21,4.12,25.61,40.81,10.63,28.91,8.91,9.78,16.93,17.95,6.44,18.99,3.41
1335,2016-07-04,6875.528,0.0001,26.32,2.88,7.89,4.9,4.77,5.13,17.72,8.91,3.87,20.17,6.03,30.01,13.72,21.33,24.04,19.32,7.89,13.38,4.18,25.73,43.11,10.82,29.3,9.15,9.98,16.97,18.24,6.55,19.41,3.51
1336,2016-07-05,6904.249,0.0001,26.48,2.9,7.89,4.9,4.81,5.28,17.56,9.11,3.91,20.53,6.37,30.11,13.83,21.33,25.03,19.42,7.89,13.42,4.18,26.31,43.67,10.78,29.6,9.24,10.21,17.0,18.74,6.61,19.33,3.48
1337,2016-07-06,6914.43,0.0001,26.32,2.9,7.89,4.9,4.79,5.23,17.42,9.1,3.91,20.45,6.32,31.06,13.94,21.2,24.96,19.72,7.89,13.38,4.17,26.01,46.99,11.06,30.04,9.22,10.13,17.33,18.68,6.6,19.21,3.68
1338,2016-07-07,6916.401,0.0001,26.35,2.95,7.89,4.9,4.8,5.22,17.51,9.1,3.94,20.49,6.3,31.58,14.25,21.35,24.71,19.91,7.89,13.62,4.41,25.46,48.21,11.04,29.76,9.57,10.07,17.36,18.44,6.09,19.43,3.68
1339,2016-07-08,6860.816999999999,0.0001,26.24,2.9,7.89,4.9,4.75,5.2,17.39,9.1,3.91,20.4,6.17,31.15,14.3,21.15,24.5,19.83,7.89,13.45,4.33,25.72,46.53,10.81,29.69,9.55,10.06,17.31,18.54,6.04,19.22,3.68
1340,2016-07-11,6890.605,0.0001,26.44,2.96,7.89,4.9,4.79,5.22,17.48,9.1,3.9,20.76,6.17,32.15,15.13,21.12,25.07,19.99,7.89,13.49,4.33,27.79,48.7,10.8,30.27,9.47,10.0,17.85,18.49,6.01,19.62,4.05
1341,2016-07-12,7040.460999999999,0.0001,27.33,3.02,7.89,4.9,4.86,5.34,17.71,9.1,4.05,21.14,6.35,33.0,15.24,21.42,25.19,20.77,7.89,13.91,4.42,30.16,47.75,11.12,30.54,10.35,10.15,18.6,18.98,6.09,20.75,3.93
1342,2016-07-13,7051.0419999999995,0.0001,27.25,3.01,7.89,4.9,4.89,5.32,17.05,9.1,4.34,21.56,6.56,33.02,14.95,21.67,25.39,20.79,7.89,14.02,4.48,30.06,47.87,11.05,30.51,10.22,10.22,18.3,19.06,6.1,20.59,3.93
1343,2016-07-14,7039.784000000001,0.0001,27.17,2.98,8.35,4.9,4.88,5.3,17.09,9.22,4.26,21.52,6.45,32.68,14.68,21.6,25.22,20.89,8.35,14.02,4.46,29.9,46.89,11.01,30.31,10.11,10.16,18.64,19.04,6.11,20.47,3.84
1344,2016-07-15,7037.1230000000005,0.0001,27.25,3.01,8.18,4.9,4.88,5.3,17.14,9.28,4.25,21.88,6.47,32.59,14.73,21.69,24.69,21.11,8.18,14.21,4.44,29.0,47.11,10.9,30.24,10.36,10.23,18.5,19.01,6.11,20.46,3.85
1345,2016-07-18,7016.495,0.0001,27.38,2.97,8.21,4.9,4.85,5.25,17.26,9.36,4.29,21.98,6.58,31.1,14.73,21.64,24.37,20.94,8.21,14.38,4.45,29.27,47.34,11.0,29.94,10.37,10.11,18.14,18.66,6.1,20.35,3.83
1346,2016-07-19,6985.983,0.0001,27.16,2.97,8.2,4.9,4.85,5.24,17.12,9.13,4.24,21.56,6.5,31.45,14.58,21.33,24.59,20.84,8.2,14.43,4.47,29.6,47.0,11.26,29.83,10.1,10.12,17.67,18.75,6.09,20.49,3.79
1347,2016-07-20,6958.139,0.0001,27.05,2.95,8.15,4.9,4.84,5.24,17.07,9.01,4.21,21.6,6.54,31.35,14.62,21.26,24.31,20.84,8.15,14.16,4.53,29.87,44.83,11.43,29.82,10.2,10.09,17.84,18.73,6.07,21.07,3.73
1348,2016-07-21,6992.638000000001,0.0001,27.14,2.94,8.19,4.9,4.84,5.27,17.24,9.05,4.21,21.99,6.67,31.5,14.55,21.36,24.36,21.24,8.19,14.32,4.5,30.05,43.79,11.4,30.07,10.42,10.12,17.89,19.04,6.08,21.1,3.68
1349,2016-07-22,6924.888000000001,0.0001,26.79,2.93,8.14,4.9,4.81,5.27,17.08,8.91,4.2,21.55,6.55,31.12,14.71,21.15,24.31,21.14,8.14,14.14,4.35,30.06,43.36,11.19,29.65,10.33,10.03,17.55,18.7,6.02,21.65,3.56
1350,2016-07-25,6935.596,0.0001,26.8,2.93,8.08,4.9,4.82,5.34,17.12,9.06,4.16,21.75,6.45,31.24,14.49,21.12,24.2,21.48,8.08,14.1,4.37,29.75,42.13,11.39,29.77,10.26,10.21,17.84,18.88,6.03,22.98,3.48
1351,2016-07-26,7017.7519999999995,0.0001,27.25,2.95,8.72,4.9,4.85,5.35,17.17,9.12,4.29,21.99,6.5,31.69,14.62,21.25,24.55,21.59,8.72,14.36,4.41,29.58,45.17,11.2,30.09,10.35,10.23,18.61,19.01,6.08,22.79,3.57
1352,2016-07-27,6955.8330000000005,0.0001,27.42,2.85,8.28,4.9,4.85,5.22,17.37,9.07,4.33,22.16,6.44,31.47,13.62,21.42,23.5,21.7,8.28,14.15,4.4,28.44,46.91,10.75,29.73,10.3,9.9,18.11,18.75,6.07,20.92,3.5
1353,2016-07-28,6950.653,0.0001,27.92,2.85,8.27,4.9,4.82,5.25,17.14,9.1,4.4,23.28,6.56,31.43,13.74,21.13,23.69,21.7,8.27,14.64,4.53,27.16,46.76,10.78,30.56,10.72,9.98,18.69,18.57,6.13,21.64,3.54
1354,2016-07-29,6913.5019999999995,0.0001,27.88,2.82,8.54,4.9,4.79,5.21,17.16,8.99,4.26,22.97,6.95,31.99,13.54,20.94,23.36,21.61,8.54,14.93,4.67,26.3,45.81,10.7,30.16,10.94,9.87,18.54,18.06,6.15,21.07,3.47
1355,2016-08-01,6873.243,0.0001,27.73,2.81,9.06,4.9,4.8,5.26,17.18,8.84,4.19,22.89,6.83,30.54,13.16,20.74,22.93,20.8,9.06,14.72,4.6,26.66,46.43,10.56,29.23,10.58,9.71,18.01,17.71,6.15,20.49,3.56
1356,2016-08-02,6893.649,0.0001,27.76,2.83,9.35,4.9,4.79,5.31,17.15,9.0,4.24,22.83,7.11,30.48,13.22,20.8,23.17,21.19,9.35,14.98,4.57,26.68,46.25,10.67,29.28,10.55,9.81,17.83,18.06,6.14,20.71,3.58
1357,2016-08-03,6897.641,0.0001,28.2,2.83,10.29,4.9,4.78,5.28,17.07,9.05,4.26,23.01,7.12,30.29,13.18,20.66,23.28,20.97,10.29,14.79,4.57,26.89,46.92,10.69,29.26,10.61,9.85,17.98,18.27,6.13,21.18,3.62
1358,2016-08-04,6895.0419999999995,0.0001,28.19,2.83,9.98,4.9,4.8,5.28,17.06,9.27,4.28,22.69,7.24,30.47,13.28,20.6,23.3,20.98,9.98,14.61,4.58,27.27,45.51,10.58,29.47,10.41,9.71,17.92,18.13,6.12,21.05,3.56
1359,2016-08-05,6896.308000000001,0.0001,28.11,2.83,9.96,4.9,4.81,5.3,17.1,9.41,4.24,21.41,7.05,30.55,13.16,20.57,23.11,21.17,9.96,14.59,4.5,26.37,45.8,10.49,29.67,10.46,9.71,18.05,18.13,6.11,20.73,3.56
1360,2016-08-08,6944.778,0.0001,28.08,2.86,9.76,4.9,4.83,5.36,17.13,9.48,4.25,21.65,7.43,30.94,13.34,20.78,23.9,21.72,9.76,14.89,4.51,26.97,41.95,10.61,29.7,10.5,9.88,18.08,18.43,6.13,20.91,3.48
1361,2016-08-09,6991.5869999999995,0.0001,28.38,2.87,10.23,4.9,4.88,5.38,17.17,9.48,4.25,21.91,8.02,31.0,13.57,20.83,23.82,21.63,10.23,14.82,4.54,27.0,42.03,10.67,29.81,10.63,9.89,18.44,18.44,6.26,21.78,3.48
1362,2016-08-10,6970.354,0.0001,28.23,2.89,9.8,4.9,4.88,5.37,17.28,9.3,4.27,21.64,7.97,30.5,13.66,20.74,23.99,21.17,9.8,14.59,4.5,26.75,44.5,10.63,29.66,10.46,9.87,18.23,18.25,6.23,21.32,3.55
1363,2016-08-11,6960.821,0.0001,27.68,2.86,9.49,4.9,4.86,5.3,17.45,9.22,4.22,21.62,7.71,30.23,13.37,21.06,23.38,20.89,9.49,14.34,4.58,25.81,43.18,10.59,29.49,10.27,9.76,18.16,18.0,6.27,21.27,3.5
1364,2016-08-12,7094.915,0.0001,27.89,2.89,9.59,4.9,4.92,5.37,17.99,9.93,4.29,21.77,7.78,31.71,13.47,21.38,23.66,21.13,9.59,14.64,4.81,26.58,43.14,10.69,29.79,10.39,9.91,18.13,18.28,6.43,21.24,3.52
1365,2016-08-15,7301.257,0.0001,28.68,2.93,9.64,4.9,5.01,5.47,18.42,10.47,4.42,22.46,8.3,32.28,13.7,22.4,24.39,21.74,9.64,15.03,4.84,28.17,43.5,10.9,30.33,10.64,10.07,18.5,19.0,6.57,21.9,3.54
1366,2016-08-16,7234.5419999999995,0.0001,29.05,2.94,9.66,4.9,5.02,5.54,18.31,10.07,4.48,22.33,8.19,31.84,13.84,21.98,24.39,21.55,9.66,14.89,4.78,28.24,44.66,11.02,30.21,10.53,10.1,18.61,19.45,6.53,21.99,3.55
1367,2016-08-17,7225.133000000001,0.0001,29.08,2.97,9.75,4.9,5.01,5.5,18.4,9.89,4.44,22.35,8.27,31.89,13.74,21.92,24.38,21.9,9.75,15.26,4.79,28.64,43.52,10.94,30.36,10.56,10.17,18.6,19.22,6.5,21.87,3.49
1368,2016-08-18,7206.963000000001,0.0001,28.34,2.93,9.52,4.9,4.99,5.52,18.23,10.14,4.57,22.17,8.19,32.31,13.7,22.1,24.4,21.63,9.52,15.17,4.77,29.99,43.63,10.93,30.18,10.45,10.1,18.08,19.27,6.44,21.69,3.49
1369,2016-08-19,7220.096,0.0001,28.21,2.94,9.85,4.9,4.98,5.58,18.62,9.95,4.56,22.05,8.11,31.77,13.81,21.79,24.29,21.71,9.85,15.22,4.74,29.4,42.88,11.06,29.92,10.3,10.14,17.89,20.01,6.45,21.76,3.47
1370,2016-08-22,7168.436,0.0001,28.59,2.88,9.6,4.9,4.94,5.49,18.69,9.92,4.46,21.76,8.05,31.2,13.4,21.61,23.78,21.9,9.6,15.41,4.68,27.55,42.38,10.9,29.69,10.26,10.03,18.07,21.76,6.38,21.13,3.43
1371,2016-08-23,7176.505999999999,0.0001,28.59,2.89,9.23,4.9,4.95,5.48,18.66,9.75,4.42,21.95,8.09,31.83,13.4,21.79,23.85,21.57,9.23,15.49,4.81,27.87,42.93,10.97,29.81,10.26,10.02,18.04,21.7,6.4,21.05,3.44
1372,2016-08-24,7150.773,0.0001,28.67,2.89,9.26,4.9,4.96,5.4,18.62,9.67,4.38,21.94,8.01,31.48,13.37,21.58,23.91,22.66,9.26,15.6,4.75,27.73,42.71,11.15,29.69,10.25,10.04,17.93,20.88,6.39,21.19,3.41
1373,2016-08-25,7106.005999999999,0.0001,28.46,2.91,9.1,4.9,4.95,5.32,18.51,9.47,4.33,21.88,7.93,30.59,13.17,21.54,23.55,22.76,9.1,15.24,4.72,27.28,42.02,11.24,29.7,10.21,9.95,17.91,19.76,6.35,20.79,3.36
1374,2016-08-26,7105.375,0.0001,28.46,2.91,9.19,4.9,4.95,5.34,18.55,9.45,4.34,21.88,8.21,30.75,13.27,21.56,23.56,23.12,9.19,15.23,4.66,27.57,42.12,11.17,29.63,10.23,9.95,17.91,19.7,6.33,20.89,3.37
1375,2016-08-29,7098.076,0.0001,28.23,2.91,9.43,4.9,4.95,5.35,18.27,9.53,4.26,21.67,8.36,30.82,13.29,21.37,23.69,23.2,9.43,15.17,4.66,27.93,41.76,11.0,29.7,10.19,10.0,16.83,19.6,6.3,20.92,3.34
1376,2016-08-30,7112.6630000000005,0.0001,27.93,2.93,9.18,4.9,5.0,5.32,18.44,9.56,4.28,21.69,8.3,30.91,13.27,21.42,23.78,23.18,9.18,15.17,4.66,27.46,41.57,10.99,29.73,10.31,10.0,16.9,19.63,6.31,20.61,3.34
1377,2016-08-31,7138.265,0.0001,27.76,2.92,9.17,4.9,5.0,5.29,18.63,9.8,4.28,21.63,8.3,31.08,13.36,21.59,23.0,23.33,9.17,15.18,4.69,27.52,41.74,11.15,29.65,10.48,9.96,16.85,19.74,6.33,20.8,3.34
1378,2016-09-01,7091.262,0.0001,27.69,2.88,9.02,4.9,4.97,5.23,18.62,9.4,4.23,21.64,8.1,30.81,13.22,21.7,22.69,23.75,9.02,15.41,4.64,27.69,42.36,10.96,29.61,10.35,9.82,16.7,19.51,6.29,20.8,3.33
1379,2016-09-02,7130.085999999999,0.0001,28.08,2.88,9.01,4.9,4.98,5.27,18.68,9.5,4.23,22.0,8.14,31.13,13.19,21.78,22.54,23.8,9.01,15.93,4.58,27.84,42.43,10.81,29.46,10.72,9.77,16.47,19.78,6.36,20.8,3.34
1380,2016-09-05,7129.728,0.0001,27.63,2.9,9.1,4.9,4.99,5.31,18.75,9.39,4.24,21.8,8.27,31.12,13.29,21.73,22.61,23.56,9.1,15.76,4.6,27.69,42.84,10.86,29.87,10.6,9.79,16.35,19.9,6.35,20.8,3.36
1381,2016-09-06,7156.428000000001,0.0001,27.5,2.92,9.2,4.9,5.0,5.45,18.51,9.42,4.28,22.35,8.6,31.27,13.45,21.82,22.94,23.47,9.2,15.97,4.62,28.87,42.43,10.87,30.75,10.68,9.86,16.74,19.92,6.38,20.8,3.36
1382,2016-09-07,7161.977,0.0001,27.68,2.92,9.13,4.9,5.0,5.59,18.56,9.48,4.27,22.12,8.81,31.36,13.49,21.93,22.78,23.41,9.13,15.96,4.6,29.29,43.15,10.94,30.76,10.52,9.88,16.64,19.84,6.36,20.8,3.39
1383,2016-09-08,7159.704000000001,0.0001,27.83,2.93,9.13,4.9,4.99,5.56,18.53,9.45,4.27,22.07,8.94,31.64,13.41,21.89,22.82,23.56,9.13,16.1,4.59,29.24,42.77,10.88,30.95,10.46,9.84,16.5,19.7,6.34,20.8,3.37
1384,2016-09-09,7122.818,0.0001,28.03,2.89,9.1,4.9,4.98,5.55,18.33,9.33,4.24,22.21,8.69,31.03,13.19,22.07,22.67,23.59,9.1,15.68,4.52,28.49,41.81,10.75,30.74,10.27,9.81,16.39,19.81,6.32,21.45,3.34
1385,2016-09-12,7031.228,0.0001,27.61,2.8,8.54,4.9,4.94,5.53,17.9,9.44,4.16,22.07,8.49,30.35,12.56,21.8,21.8,23.49,8.54,15.63,4.5,27.15,39.22,10.37,30.45,10.22,9.6,15.97,18.9,6.26,23.04,3.22
1386,2016-09-13,7010.929,0.0001,27.58,2.79,8.65,4.9,4.92,5.5,17.91,9.56,4.13,21.92,8.21,30.27,12.6,21.65,21.89,23.22,8.65,15.69,4.53,26.92,39.2,10.44,31.21,10.19,9.62,16.03,18.8,6.23,23.94,3.22
1387,2016-09-14,6958.6,0.0001,27.46,2.76,8.67,4.9,4.86,5.51,17.54,9.74,4.09,21.85,8.03,30.2,12.67,21.43,22.04,23.2,8.67,15.61,4.53,26.65,39.82,10.3,31.03,10.05,9.58,16.11,18.79,6.18,22.51,3.24
1388,2016-09-19,7007.309,0.0001,27.47,2.79,8.79,4.9,4.86,5.63,17.81,9.66,4.11,22.19,8.2,30.86,12.83,21.66,22.13,23.63,8.79,15.9,4.57,26.82,39.74,10.41,31.86,10.64,9.79,16.11,18.84,6.19,24.31,3.22
1389,2016-09-20,6993.223000000001,0.0001,27.5,2.78,9.07,4.9,4.85,5.64,17.74,9.64,4.08,22.39,8.12,30.87,12.78,21.51,21.9,23.62,9.07,15.88,4.58,27.14,39.51,10.43,32.41,10.51,9.69,16.11,18.8,6.18,23.99,3.22
1390,2016-09-21,7002.677,0.0001,27.45,2.81,9.22,4.9,4.78,5.6,17.88,9.77,4.09,22.25,8.11,30.95,12.8,21.58,21.92,23.55,9.22,16.3,4.58,27.4,40.39,10.43,32.23,10.36,9.72,16.11,18.82,6.19,23.35,3.25
1391,2016-09-22,7045.187,0.0001,27.32,2.8,9.34,4.9,4.84,5.6,17.97,9.99,4.11,22.45,8.24,31.09,12.77,21.9,21.95,23.76,9.34,16.36,4.58,27.53,40.51,10.36,32.15,10.49,9.71,16.11,18.95,6.23,23.59,3.26
1392,2016-09-23,7025.295,0.0001,27.44,2.8,9.36,4.9,4.85,5.6,17.98,9.73,4.19,22.17,8.47,31.17,12.6,21.84,21.83,24.24,9.36,16.29,4.63,27.53,40.17,10.33,31.86,10.43,9.67,16.11,18.62,6.25,22.64,3.23
1393,2016-09-26,6915.993,0.0001,26.98,2.75,9.38,4.9,4.8,5.45,18.0,9.46,4.11,21.89,8.14,30.43,12.29,21.55,21.31,23.28,9.38,15.97,4.46,27.35,38.64,10.12,31.81,10.1,9.55,16.11,18.11,6.2,22.59,3.17
1394,2016-09-27,6950.776,0.0001,27.17,2.77,9.3,4.9,4.81,5.45,18.07,9.66,4.13,21.96,7.94,30.68,12.31,21.64,21.44,23.39,9.3,16.02,4.49,27.78,38.82,10.2,31.54,10.19,9.61,16.11,18.28,6.23,22.82,3.21
1395,2016-09-28,6922.59,0.0001,26.94,2.75,9.46,4.9,4.77,5.41,17.89,9.53,4.18,21.94,7.81,30.41,12.22,21.48,21.38,23.34,9.46,15.87,4.47,27.83,37.71,10.18,32.07,10.1,9.57,16.11,18.22,6.22,22.74,3.18
1396,2016-09-29,6945.691,0.0001,26.98,2.79,9.37,4.9,4.85,5.43,18.0,9.56,4.17,22.01,7.81,30.55,12.26,21.52,21.43,23.22,9.37,15.87,4.46,27.37,37.57,10.4,31.74,10.1,9.6,16.11,18.23,6.36,22.51,3.18
1397,2016-09-30,6958.5,0.0001,26.97,2.78,9.27,4.9,4.86,5.47,18.0,9.6,4.15,22.06,7.91,30.53,12.36,21.41,21.57,23.48,9.27,16.32,4.46,27.06,38.19,10.38,31.81,10.14,9.6,16.11,18.23,6.34,22.71,3.21
1398,2016-10-10,7045.036,0.0001,27.17,2.82,9.29,5.39,4.95,5.52,18.3,9.26,4.36,22.71,8.23,31.22,12.53,21.74,22.15,23.77,9.29,16.47,4.51,28.61,36.99,10.5,32.16,10.35,9.71,16.11,18.61,6.49,23.34,3.18
1399,2016-10-11,7074.746999999999,0.0001,27.37,2.82,9.68,5.79,4.97,5.59,18.33,9.25,4.8,22.54,8.19,31.26,12.53,21.81,23.34,24.04,9.68,16.71,4.55,28.57,37.87,10.49,32.26,10.32,9.72,16.11,18.67,6.49,23.14,3.19
1400,2016-10-12,7049.496,0.0001,27.33,2.8,10.14,5.59,4.94,5.55,18.15,9.2,4.73,22.4,8.41,31.17,12.47,21.8,22.96,23.87,10.14,16.65,4.54,28.25,37.56,10.48,32.25,10.2,9.74,16.11,18.59,6.43,23.18,3.18
1401,2016-10-13,7057.041,0.0001,27.37,2.81,10.07,5.55,4.9,5.7,18.09,9.18,4.72,22.33,8.48,31.07,12.49,21.67,23.13,23.56,10.07,16.64,4.55,28.29,37.86,10.52,32.56,10.16,9.77,16.11,18.69,6.46,22.84,3.18
1402,2016-10-14,7071.024,0.0001,27.49,2.8,10.09,5.52,4.94,5.67,18.1,9.2,5.17,22.23,8.49,30.85,12.43,21.57,23.47,23.34,10.09,16.65,4.52,27.79,37.26,10.54,32.41,10.15,9.75,16.11,18.63,6.5,22.38,3.17
1403,2016-10-17,7020.361999999999,0.0001,27.54,2.79,10.17,5.49,4.93,5.56,17.86,9.1,5.06,22.25,8.23,30.76,12.37,21.38,23.24,23.01,10.17,16.48,4.48,27.09,38.97,10.4,31.64,10.12,9.7,16.11,18.41,6.44,22.26,3.24
1404,2016-10-18,7116.605,0.0001,27.58,2.82,10.18,5.54,4.96,5.68,17.93,9.16,5.11,22.34,8.66,30.99,12.67,21.6,23.88,23.37,10.18,16.85,4.52,27.7,39.19,10.52,31.84,10.21,9.91,16.11,18.63,6.56,22.73,3.25
1405,2016-10-19,7110.189,0.0001,27.34,2.82,9.97,5.53,4.98,5.67,17.88,9.15,5.3,22.18,8.55,31.2,12.68,21.38,23.82,23.31,9.97,16.83,4.49,27.4,38.98,10.54,32.21,10.15,9.86,16.11,18.68,6.53,22.44,3.25
1406,2016-10-20,7111.592,0.0001,27.35,2.81,10.02,5.5,4.99,5.66,17.89,9.17,5.3,22.19,8.46,31.14,12.64,21.31,23.59,23.04,10.02,16.72,4.49,27.56,38.96,10.67,31.82,10.13,9.82,16.11,18.62,6.56,22.31,3.24
1407,2016-10-21,7146.936,0.0001,27.25,2.82,9.97,5.5,5.01,5.87,17.91,9.15,5.36,22.11,8.65,30.96,12.6,21.51,23.87,23.24,9.97,16.4,4.45,27.78,38.59,10.54,31.59,10.21,9.88,16.11,18.47,6.76,22.39,3.24
1408,2016-10-24,7237.111999999999,0.0001,27.46,2.85,10.06,5.57,5.07,5.92,18.31,9.23,5.33,22.19,9.0,31.43,12.77,21.85,24.18,23.2,10.06,16.5,4.5,27.88,38.54,10.82,31.71,10.29,9.99,17.29,18.6,6.93,22.4,3.27
1409,2016-10-25,7230.929,0.0001,27.39,2.86,10.36,5.69,5.02,5.85,18.13,9.22,5.27,22.33,8.89,32.22,12.91,21.74,23.73,23.32,10.36,16.78,4.49,27.62,39.59,10.76,31.68,10.28,9.92,17.46,18.72,6.89,22.34,3.3
1410,2016-10-26,7205.029,0.0001,27.21,2.83,10.29,5.68,4.99,5.85,17.97,9.18,5.34,22.29,8.74,31.94,12.72,21.65,23.41,23.5,10.29,16.62,4.46,27.17,39.98,10.91,31.69,10.15,9.85,18.57,18.59,6.81,21.74,3.28
1411,2016-10-27,7185.161999999999,0.0001,27.33,2.85,10.25,5.64,4.98,5.9,17.81,9.14,5.18,22.07,8.57,31.85,12.7,21.58,23.42,23.35,10.25,16.5,4.46,27.26,39.61,10.89,31.2,10.18,9.86,18.31,18.51,6.77,21.59,3.25
1412,2016-10-28,7179.731,0.0001,27.39,2.82,9.97,5.6,5.01,5.99,17.9,9.17,5.13,21.59,8.45,31.64,12.52,21.78,23.24,23.63,9.97,16.48,4.49,27.42,39.59,10.63,31.06,10.2,9.73,17.81,18.35,6.83,21.72,3.24
1413,2016-10-31,7169.722,0.0001,27.11,2.81,9.48,5.61,5.01,5.88,17.86,9.15,5.13,21.55,8.6,31.39,12.56,21.83,22.53,23.77,9.48,15.3,4.49,27.32,40.72,10.61,31.14,9.98,9.72,17.99,18.41,6.78,21.35,3.28
1414,2016-11-01,7212.318,0.0001,27.16,2.83,9.64,5.63,5.0,5.9,17.98,9.18,5.19,21.68,8.63,31.67,12.67,21.88,22.62,23.82,9.64,15.57,4.52,27.38,41.89,10.69,31.52,10.03,9.76,18.07,18.56,6.76,21.74,3.29
1415,2016-11-02,7162.951999999999,0.0001,26.87,2.8,9.44,5.55,4.95,5.88,17.84,9.11,5.09,21.43,8.35,31.41,12.67,21.67,22.22,24.08,9.44,15.52,4.48,27.53,44.71,10.57,31.34,9.95,9.63,17.88,18.59,6.74,21.44,3.43
1416,2016-11-03,7241.201999999999,0.0001,26.9,2.81,9.49,5.57,4.95,5.88,17.93,9.12,5.27,21.51,8.62,31.56,12.66,21.99,22.41,24.54,9.49,15.33,4.5,27.61,43.98,10.69,31.62,10.01,9.69,17.84,18.57,6.81,21.39,3.39
1417,2016-11-04,7225.43,0.0001,26.68,2.81,9.48,5.58,4.94,5.95,17.91,9.08,5.4,21.48,8.57,31.51,12.89,21.95,22.39,24.51,9.48,15.11,4.47,27.26,42.6,10.64,31.66,9.96,9.64,18.0,18.48,6.86,21.53,3.34
1418,2016-11-07,7235.74,0.0001,26.7,2.87,9.68,5.69,4.95,5.9,17.89,9.08,5.39,21.29,8.76,31.42,13.0,22.07,22.34,24.39,9.68,15.2,4.46,27.89,42.07,10.65,31.44,9.98,9.83,18.0,18.42,6.87,21.66,3.35
1419,2016-11-08,7260.932,0.0001,26.7,2.85,9.7,5.67,4.97,6.09,17.99,9.08,5.31,21.12,8.74,31.61,13.1,22.19,22.53,24.3,9.7,15.25,4.5,29.08,41.87,11.06,31.47,10.03,9.83,18.02,18.47,6.93,21.78,3.37
1420,2016-11-09,7212.469,0.0001,26.2,2.83,9.54,5.6,4.93,6.1,17.89,9.1,5.18,20.38,8.56,31.25,13.09,21.8,22.13,24.19,9.54,14.96,4.47,29.01,46.06,10.84,31.43,9.91,9.72,17.92,18.2,6.84,21.41,3.59
1421,2016-11-10,7292.723000000001,0.0001,26.43,2.86,9.83,5.69,4.99,6.29,18.0,9.18,5.22,20.44,8.67,31.59,13.19,22.31,22.62,24.27,9.83,15.18,4.5,29.12,43.71,11.04,31.57,9.96,9.85,18.0,18.42,7.06,21.71,3.48
1422,2016-11-11,7360.353,0.0001,27.0,2.96,10.25,5.9,5.01,6.52,18.02,9.25,5.3,20.16,8.96,31.49,13.7,22.64,23.14,24.07,10.25,15.33,4.51,29.25,42.42,11.17,31.25,9.98,9.97,18.02,18.89,7.06,22.23,3.58
1423,2016-11-14,7396.642,0.0001,26.73,2.95,10.81,6.09,5.02,6.89,18.04,9.26,5.55,20.2,8.94,31.55,13.62,22.82,23.52,23.93,10.81,15.38,4.53,28.95,40.4,11.14,31.14,9.95,10.05,17.76,18.83,7.27,22.09,3.62
1424,2016-11-15,7379.529,0.0001,26.81,2.92,10.55,5.98,4.99,6.75,18.18,9.34,5.42,20.44,8.81,31.81,13.51,22.83,23.44,24.03,10.55,16.19,4.62,29.13,40.65,11.03,31.09,9.99,10.06,17.97,19.09,7.16,22.28,3.63
1425,2016-11-16,7378.389,0.0001,26.87,3.0,10.44,5.92,4.99,6.72,18.12,9.3,5.71,20.47,8.74,31.77,13.5,22.98,23.45,23.97,10.44,15.92,4.62,28.75,40.7,11.19,31.09,9.98,10.06,17.99,19.43,7.08,22.54,3.59
1426,2016-11-17,7395.982,0.0001,26.65,2.97,10.49,5.91,4.99,6.85,18.12,9.28,5.97,20.47,8.86,31.66,13.54,22.86,24.01,23.99,10.49,16.17,4.57,28.47,40.54,11.25,30.8,9.98,10.21,18.07,19.39,7.12,22.18,3.58
1427,2016-11-18,7355.874,0.0001,26.58,2.96,10.24,5.98,4.96,6.72,18.1,9.37,5.93,20.35,8.86,31.98,13.24,22.97,23.36,23.88,10.24,16.17,4.53,28.86,39.19,11.1,30.84,9.91,10.06,17.87,19.09,7.04,21.89,3.5
1428,2016-11-21,7423.275,0.0001,26.77,2.96,10.35,5.95,5.02,6.69,18.34,9.49,5.93,20.49,8.9,32.96,13.2,24.76,23.61,23.79,10.35,15.89,4.54,29.79,39.53,11.26,30.99,9.93,10.09,17.73,19.0,7.08,21.9,3.5
1429,2016-11-22,7482.476,0.0001,26.7,3.0,10.82,6.16,5.09,6.74,18.37,9.55,5.98,20.48,8.9,32.73,13.36,26.09,24.04,23.92,10.82,15.8,4.62,29.84,39.45,11.29,30.91,10.0,10.27,17.82,19.19,7.09,21.95,3.54
1430,2016-11-23,7494.985,0.0001,26.7,2.97,10.77,6.12,5.09,6.62,18.84,9.83,5.8,20.3,8.9,32.54,13.2,25.78,23.86,23.85,10.77,15.76,4.61,29.58,39.65,11.59,31.13,10.21,10.22,17.82,18.98,7.08,21.81,3.51
1431,2016-11-24,7526.738,0.0001,26.77,2.97,11.48,6.18,5.07,6.55,18.74,9.89,5.82,20.56,9.64,34.71,13.32,25.94,23.43,23.93,11.48,15.39,4.6,29.5,38.54,11.84,31.1,10.39,10.16,18.9,18.9,7.05,22.23,3.52
1432,2016-11-25,7599.571,0.0001,27.04,3.0,12.01,6.31,5.1,6.61,18.99,10.06,5.93,20.76,9.69,34.25,13.26,25.88,23.68,24.25,12.01,15.39,4.68,31.42,37.86,11.93,31.1,10.29,10.24,18.72,19.21,7.18,22.17,3.51
1433,2016-11-28,7631.698,0.0001,27.19,3.0,11.84,6.38,5.14,6.76,18.65,10.0,6.05,20.81,9.84,33.94,13.5,25.97,23.88,24.06,11.84,15.58,4.68,30.98,38.47,12.41,31.28,10.67,10.31,18.51,18.95,7.13,21.89,3.7
1434,2016-11-29,7709.005999999999,0.0001,27.52,3.03,11.14,6.57,5.23,6.78,18.75,10.0,6.15,20.98,9.99,34.69,13.27,26.22,24.5,24.08,11.14,15.52,4.65,30.76,38.21,12.13,31.31,10.79,10.37,20.1,18.85,7.32,22.14,3.66
1435,2016-11-30,7635.951,0.0001,27.39,2.98,11.16,6.4,5.12,6.5,18.55,9.88,6.66,21.05,9.59,34.27,12.99,25.79,23.84,23.8,11.16,15.46,4.59,31.26,38.14,12.34,30.88,10.7,10.25,19.78,18.54,7.33,21.87,3.56
1436,2016-12-01,7687.007,0.0001,27.2,3.07,11.03,6.4,5.27,6.46,18.49,10.66,7.33,21.13,9.65,34.85,13.07,25.42,24.59,23.06,11.03,15.48,4.61,30.93,38.75,12.14,31.36,10.89,10.49,19.97,18.58,7.29,21.84,3.65
1437,2016-12-02,7630.939,0.0001,27.05,3.03,10.69,6.4,5.5,6.4,18.49,10.61,6.84,20.94,9.8,34.99,12.76,25.18,25.38,22.9,10.69,15.6,4.53,29.39,38.82,12.1,31.01,10.68,10.35,19.22,18.27,7.35,21.48,3.57
1438,2016-12-05,7515.424,0.0001,26.93,2.96,10.72,6.4,5.37,6.23,18.66,10.02,6.78,20.78,9.13,32.52,12.7,24.83,27.31,23.02,10.72,15.83,4.75,28.63,37.31,11.63,31.06,10.33,10.58,18.03,18.25,7.21,21.62,3.5
1439,2016-12-06,7483.696999999999,0.0001,26.88,2.95,10.52,6.4,5.3,6.26,18.6,9.78,6.64,20.72,9.01,32.21,12.93,24.45,26.87,23.11,10.52,16.08,4.77,28.5,36.97,11.67,31.13,10.34,10.6,18.11,18.24,7.17,21.81,3.47
1440,2016-12-07,7518.382,0.0001,26.87,3.02,10.98,6.4,5.31,6.42,18.62,9.89,6.56,20.7,9.23,32.39,13.01,25.06,27.62,23.31,10.98,16.15,5.13,28.5,37.05,11.72,30.89,10.34,10.78,18.53,18.32,7.22,21.83,3.48
1441,2016-12-08,7510.846,0.0001,26.6,2.96,10.81,6.6,5.3,6.66,18.76,9.84,7.01,20.36,9.11,32.09,12.96,24.74,27.17,23.18,10.81,15.88,5.02,27.68,37.79,11.58,30.64,10.25,10.79,18.3,18.31,7.22,22.35,3.52
1442,2016-12-09,7582.691999999999,0.0001,26.58,2.97,10.71,6.9,5.41,6.62,19.2,9.94,7.01,20.47,9.25,32.4,12.98,25.76,27.94,23.23,10.71,15.82,5.06,27.67,37.99,11.73,30.51,10.28,10.79,18.3,18.28,7.35,22.96,3.52
1443,2016-12-12,7464.643,0.0001,26.44,2.89,9.91,6.9,5.46,6.38,19.25,9.66,6.81,20.41,8.82,31.45,12.65,25.49,27.04,23.09,9.91,15.76,4.82,25.36,38.06,11.83,29.71,10.12,10.79,18.08,17.72,7.22,22.0,3.41
1444,2016-12-13,7441.982,0.0001,26.38,2.9,10.09,7.19,5.51,6.44,18.88,9.5,7.23,20.29,8.69,31.4,12.85,25.16,29.04,23.25,10.09,15.35,4.96,25.38,37.23,12.81,29.86,10.07,10.79,17.99,17.65,7.15,21.78,3.44
1445,2016-12-14,7395.852,0.0001,26.49,2.84,9.91,6.87,5.63,6.47,18.82,9.53,6.85,19.44,8.53,31.54,12.55,25.36,28.32,22.76,9.91,16.36,4.88,24.97,39.09,12.5,29.78,9.98,10.79,17.7,17.62,7.11,21.37,3.55
1446,2016-12-15,7287.026999999999,0.0001,26.57,2.85,9.87,6.7,5.45,6.49,18.24,9.36,6.74,19.26,8.43,31.4,12.62,24.11,28.12,22.83,9.87,16.48,5.07,25.03,37.2,12.73,29.73,9.92,10.79,17.52,17.8,6.91,21.35,3.48
1447,2016-12-16,7278.274,0.0001,26.62,2.85,9.87,6.5,5.51,6.38,18.18,9.36,6.79,19.43,8.51,31.36,12.53,23.78,26.82,22.86,9.87,16.27,5.09,25.13,36.45,12.73,29.82,10.0,10.79,17.58,17.87,6.89,21.67,3.46
1448,2016-12-19,7248.14,0.0001,26.66,2.83,9.9,6.57,5.52,6.23,18.01,9.32,6.86,19.56,8.47,31.55,12.75,23.59,27.24,22.78,9.9,16.34,4.98,24.82,36.4,13.1,29.7,9.92,10.79,17.62,17.87,6.98,21.63,3.46
1449,2016-12-20,7208.203,0.0001,26.61,2.81,10.17,6.37,5.46,6.22,17.79,9.19,7.1,19.47,8.45,31.29,12.69,23.59,27.01,22.56,10.17,15.91,4.86,25.07,35.89,12.76,29.1,9.93,10.79,17.5,17.66,6.88,21.43,3.39
1450,2016-12-21,7272.166,0.0001,26.89,2.84,10.19,6.42,5.56,6.3,17.81,9.24,7.37,19.56,8.62,31.35,12.77,23.97,28.95,22.61,10.19,16.12,4.89,24.96,36.13,12.76,29.08,9.97,10.79,17.58,17.77,7.06,21.54,3.42
1451,2016-12-22,7263.434,0.0001,26.9,2.82,10.06,6.32,5.64,6.25,17.72,9.19,7.68,19.75,8.67,31.49,12.67,23.83,29.66,22.62,10.06,16.67,4.98,25.0,35.67,12.78,29.28,9.95,10.79,17.66,18.08,7.08,21.31,3.39
1452,2016-12-23,7218.323,0.0001,26.91,2.81,9.83,6.32,5.64,6.12,17.6,9.13,7.81,19.49,8.65,31.51,12.53,23.61,29.78,22.5,9.83,16.85,4.94,24.85,35.41,12.46,28.97,9.9,10.79,17.46,17.8,7.07,20.52,3.34
1453,2016-12-26,7251.943,0.0001,26.8,2.81,9.64,6.2,5.67,6.21,17.75,9.18,7.81,19.53,8.87,31.2,12.52,24.23,29.97,22.78,9.64,16.73,5.03,24.71,34.93,12.74,29.17,9.86,10.79,17.41,17.72,7.06,20.21,3.3
1454,2016-12-27,7229.387,0.0001,26.55,2.8,9.65,6.2,5.56,6.18,17.71,9.23,7.55,19.45,9.1,31.31,12.51,23.99,29.4,22.82,9.65,16.78,5.05,24.47,35.41,12.52,29.21,9.87,10.79,17.38,17.81,7.05,20.08,3.3
1455,2016-12-28,7199.7880000000005,0.0001,26.52,2.79,9.56,6.24,5.55,6.08,17.62,9.11,7.69,19.49,9.08,31.09,12.4,23.85,29.35,22.89,9.56,16.63,4.97,24.32,35.65,12.53,29.28,9.88,10.79,17.29,17.87,7.05,20.12,3.3
1456,2016-12-29,7194.698,0.0001,26.36,2.79,9.45,6.29,5.41,6.08,17.49,9.09,7.54,19.45,9.19,30.62,12.28,23.83,28.65,22.95,9.45,16.63,4.92,24.26,36.44,12.37,29.24,9.79,10.79,17.39,17.8,7.01,19.96,3.34
1457,2016-12-30,7224.6,0.0001,26.52,2.79,9.49,6.35,5.41,6.1,17.6,9.13,7.31,19.59,9.19,31.38,12.27,24.09,27.61,23.14,9.49,16.63,4.91,24.06,36.51,12.2,29.44,9.88,10.79,17.6,17.72,7.08,20.0,3.34
1458,2017-01-03,7291.102,0.0001,26.65,2.84,9.7,6.35,5.51,6.24,17.96,9.19,7.44,19.47,9.25,31.4,12.43,25.25,28.29,23.67,9.7,16.63,5.02,24.39,36.76,12.78,29.66,9.94,10.79,17.69,17.79,7.21,20.05,3.36
1459,2017-01-04,7337.762,0.0001,26.79,2.84,9.8,6.47,5.57,6.3,18.02,9.21,7.43,19.53,9.24,31.58,12.54,25.32,28.79,23.78,9.8,16.63,5.02,24.75,36.91,12.95,29.68,10.04,10.79,17.9,17.88,7.29,20.29,3.37
1460,2017-01-05,7341.16,0.0001,26.83,2.85,10.01,6.48,5.75,6.59,18.1,9.19,7.84,19.57,9.12,31.35,12.51,25.38,29.2,23.61,10.01,16.63,5.0,24.62,37.62,12.92,29.6,10.04,10.79,17.88,17.89,7.5,20.06,3.41
1461,2017-01-06,7307.004,0.0001,26.9,2.85,9.88,6.61,5.87,6.52,17.96,9.16,7.68,19.55,9.28,31.04,12.44,25.18,28.91,23.35,9.88,16.63,5.05,24.63,37.29,12.97,29.43,10.02,10.79,17.65,17.76,7.47,19.98,3.38
1462,2017-01-09,7345.229,0.0001,26.89,2.86,9.95,6.64,5.86,6.74,17.94,9.18,7.71,19.46,9.59,31.09,12.46,25.58,30.36,23.41,9.95,16.63,5.07,24.85,36.78,13.13,29.75,10.01,10.79,17.67,17.87,7.49,19.93,3.37
1463,2017-01-10,7328.852,0.0001,26.92,2.87,9.87,6.8,5.9,6.65,17.94,9.2,7.54,19.39,9.5,30.9,12.5,25.02,29.75,23.29,9.87,16.63,5.13,24.73,37.43,12.85,29.54,10.02,10.79,17.83,17.88,7.37,19.86,3.4
1464,2017-01-11,7283.494000000001,0.0001,26.75,2.87,10.24,6.87,5.76,6.48,17.96,9.13,6.9,19.37,9.18,30.65,12.45,25.51,29.75,23.73,10.24,16.63,5.15,25.22,37.12,12.52,29.48,10.01,10.79,17.69,17.77,7.29,19.36,3.41
1465,2017-01-12,7255.339,0.0001,26.77,2.84,10.1,6.79,5.83,6.43,18.0,9.05,6.67,19.18,9.09,29.75,12.21,25.37,28.88,23.72,10.1,16.63,5.03,24.72,37.68,12.15,29.35,9.95,10.79,17.51,17.72,7.21,19.23,3.4
1466,2017-01-13,7277.223000000001,0.0001,26.75,2.85,9.73,6.84,5.89,6.5,18.22,9.1,6.63,19.26,9.14,29.87,12.07,25.7,28.82,23.76,9.73,16.63,4.96,24.46,36.56,12.23,29.84,9.92,10.79,17.6,17.53,7.27,19.33,3.41
1467,2017-01-16,7352.725,0.0001,26.78,2.88,9.32,6.96,5.96,6.5,18.58,9.21,6.59,19.61,9.23,29.98,12.18,26.2,27.49,23.93,9.32,16.63,4.95,22.86,37.04,12.4,30.4,10.08,10.79,17.93,17.63,7.36,19.71,3.45
1468,2017-01-17,7337.2880000000005,0.0001,26.76,2.86,9.48,6.84,5.99,6.67,18.45,9.14,6.56,19.59,9.23,30.06,12.07,26.16,27.76,24.49,9.48,16.63,4.93,23.38,37.81,12.35,29.86,10.03,10.79,18.03,17.53,7.33,19.65,3.49
1469,2017-01-18,7369.4130000000005,0.0001,26.9,2.89,9.56,7.0,5.97,6.66,18.59,9.17,6.62,19.66,9.47,30.15,12.0,26.1,27.63,24.36,9.56,16.63,5.06,23.17,38.09,12.72,29.9,10.03,10.79,18.14,17.46,7.34,19.58,3.49
1470,2017-01-19,7347.036,0.0001,27.0,2.86,9.52,6.99,5.86,6.59,18.52,9.19,6.27,19.58,9.55,30.04,11.93,25.61,27.0,24.37,9.52,16.63,5.02,23.33,37.14,12.77,29.67,9.92,10.79,18.22,17.48,7.26,19.36,3.42
1471,2017-01-20,7390.088000000001,0.0001,27.16,2.88,9.72,6.93,5.86,6.64,18.59,9.27,6.31,19.82,9.59,30.26,12.02,25.5,27.49,24.86,9.72,16.63,5.07,23.73,37.3,12.87,30.29,9.95,10.79,18.28,17.55,7.27,19.56,3.44
1472,2017-01-23,7403.354,0.0001,27.17,2.9,10.11,6.8,5.87,6.75,18.5,9.28,6.35,19.96,9.81,30.39,12.13,25.76,28.68,24.8,10.11,16.63,5.07,23.88,37.85,12.92,30.67,10.0,10.79,18.26,17.58,7.09,19.61,3.51
1473,2017-01-24,7413.229,0.0001,27.17,2.91,9.95,6.8,6.06,6.8,18.87,9.21,6.32,20.23,9.79,30.31,12.08,25.99,28.23,24.79,9.95,16.63,5.09,23.62,37.66,12.91,30.64,10.04,10.79,18.21,17.44,7.09,19.64,3.49
1474,2017-01-25,7440.340999999999,0.0001,27.49,2.9,9.95,6.8,6.05,6.77,18.88,9.21,6.59,20.42,10.0,30.43,12.14,25.81,27.7,24.97,9.95,16.63,5.08,23.9,37.13,12.78,30.98,10.06,10.79,18.39,17.39,7.11,19.76,3.51
1475,2017-01-26,7459.735,0.0001,27.5,2.94,10.15,6.8,6.03,6.88,19.0,9.22,6.54,20.26,9.91,30.41,12.5,25.72,28.06,24.92,10.15,16.63,5.09,24.15,37.02,12.93,31.99,10.11,10.79,18.41,17.41,7.14,19.69,3.58
1476,2017-02-03,7404.005,0.0001,27.63,2.92,9.86,6.8,5.95,6.88,18.7,9.18,6.52,20.2,9.87,30.36,12.42,25.15,29.17,25.15,9.86,16.63,5.03,24.4,37.39,13.04,32.27,10.15,10.79,18.24,17.32,6.98,19.53,3.57
1477,2017-02-06,7417.215,0.0001,27.68,2.91,9.95,6.8,5.95,6.96,18.62,9.16,6.52,20.46,10.2,30.35,12.4,26.0,29.41,25.31,9.95,16.63,5.0,24.58,37.82,12.8,32.71,10.08,10.79,18.15,17.49,6.99,19.72,3.54
1478,2017-02-07,7404.406,0.0001,27.49,2.91,9.99,6.8,5.87,7.17,18.57,9.16,6.5,20.13,9.99,30.19,12.46,26.24,29.3,25.67,9.99,16.63,4.98,24.39,38.71,12.65,32.51,10.03,10.79,18.09,17.55,6.98,19.72,3.58
1479,2017-02-08,7433.9619999999995,0.0001,27.62,2.91,10.32,6.8,5.85,7.14,18.6,9.29,6.79,19.92,10.08,30.22,12.46,26.44,30.56,25.51,10.32,16.63,4.99,24.65,38.43,12.67,33.23,10.03,10.79,18.1,17.58,7.06,19.88,3.55
1480,2017-02-09,7463.4130000000005,0.0001,27.8,2.95,10.31,6.8,5.81,7.24,18.73,9.49,6.79,20.03,10.29,30.33,12.52,26.5,30.78,24.99,10.31,16.63,4.98,24.68,38.48,12.68,33.65,10.04,10.79,18.1,17.71,7.08,19.89,3.58
1481,2017-02-10,7499.491,0.0001,27.68,3.01,10.53,6.8,5.87,7.36,18.9,9.47,6.78,20.0,10.86,30.45,12.56,26.4,30.16,25.24,10.53,16.63,5.05,24.44,37.85,12.67,33.28,10.05,10.79,18.16,17.77,7.1,19.94,3.55
1482,2017-02-13,7534.755999999999,0.0001,27.91,2.99,10.56,6.8,5.87,7.39,18.97,9.51,6.84,20.03,10.87,30.69,12.63,26.86,30.21,25.3,10.56,16.63,5.08,24.46,37.88,12.63,32.88,10.16,10.79,18.52,17.7,7.11,20.02,3.6
1483,2017-02-14,7534.7880000000005,0.0001,27.57,3.03,10.51,6.8,5.84,7.47,18.87,9.52,6.82,19.85,11.52,30.68,12.64,26.57,29.96,25.19,10.51,16.63,5.12,24.65,37.74,12.66,32.98,10.18,10.79,18.2,17.63,7.14,19.86,3.63
1484,2017-02-15,7512.408,0.0001,27.68,3.0,10.32,6.8,5.85,7.24,19.13,9.37,6.73,19.56,11.25,30.35,12.44,26.58,29.25,24.85,10.32,16.63,5.05,24.19,37.06,12.38,32.77,10.07,10.79,17.9,17.88,7.04,19.7,3.55
1485,2017-02-16,7541.045999999999,0.0001,27.74,3.14,10.58,6.8,5.81,7.3,19.14,9.45,6.73,19.58,11.32,30.39,12.98,26.49,29.41,25.01,10.58,16.63,5.15,24.42,37.22,12.4,32.74,10.13,10.79,17.84,17.84,7.04,19.71,3.62
1486,2017-02-17,7490.172,0.0001,27.45,3.06,10.22,6.8,5.79,7.29,19.02,9.31,6.5,19.78,10.93,30.27,12.76,26.57,29.96,25.03,10.22,16.63,5.14,24.13,37.19,12.13,32.89,10.23,10.79,17.98,17.55,6.99,19.81,3.57
1487,2017-02-20,7595.3369999999995,0.0001,27.71,3.1,10.35,6.8,5.88,7.3,19.4,9.58,6.54,20.31,11.12,30.73,12.83,26.47,30.2,25.32,10.35,16.63,5.24,24.41,37.08,12.25,33.44,10.63,10.79,18.19,17.67,7.06,19.86,3.62
1488,2017-02-21,7614.233,0.0001,27.75,3.12,10.55,6.8,5.89,7.32,19.41,9.71,6.59,20.31,11.02,30.76,12.9,26.69,30.33,25.99,10.55,16.63,5.76,24.78,37.22,12.34,33.42,10.65,10.79,18.1,17.73,7.08,19.88,3.64
1489,2017-02-22,7625.6269999999995,0.0001,27.64,3.16,10.6,6.8,5.97,7.44,19.4,9.69,6.59,20.42,11.24,30.97,12.9,26.64,29.96,25.71,10.6,16.63,5.6,24.72,37.0,12.4,33.59,10.66,10.79,18.48,17.71,7.06,20.24,3.63
1490,2017-02-23,7591.419,0.0001,27.55,3.13,10.59,6.8,5.88,7.49,19.38,9.63,6.55,20.36,10.9,30.92,12.9,26.38,29.57,26.03,10.59,16.63,5.47,24.55,37.06,12.28,33.58,10.47,10.79,18.33,17.64,7.02,20.76,3.64
1491,2017-02-24,7596.233,0.0001,28.03,3.14,10.52,6.8,5.81,7.41,19.43,9.58,7.08,20.18,10.81,30.78,12.82,26.12,30.04,26.15,10.52,16.63,5.46,24.94,37.51,12.31,33.08,10.52,10.79,18.27,17.67,7.02,20.72,3.61
1492,2017-02-27,7542.129,0.0001,27.53,3.14,10.25,7.31,5.73,7.27,19.41,9.44,7.03,20.18,10.83,30.56,12.78,25.59,29.29,25.83,10.25,16.63,5.49,24.65,37.45,12.1,32.91,10.63,10.79,18.2,18.09,6.96,20.24,3.57
1493,2017-02-28,7548.374,0.0001,27.44,3.11,10.36,7.09,5.75,7.3,19.44,9.47,7.03,20.31,11.08,30.54,12.88,25.67,29.3,25.77,10.36,16.63,5.47,25.09,37.07,12.15,33.09,10.91,10.79,18.06,18.18,6.96,20.12,3.57
1494,2017-03-01,7558.013000000001,0.0001,27.49,3.11,10.83,7.08,5.76,7.32,19.34,9.53,7.19,20.56,11.01,30.59,12.92,25.55,29.54,25.98,10.83,16.63,5.48,25.05,36.82,12.3,33.28,10.81,10.79,18.0,18.62,6.96,20.12,3.57
1495,2017-03-02,7501.0109999999995,0.0001,27.39,3.1,10.67,7.0,5.74,7.27,19.1,9.43,7.12,20.46,10.74,30.56,12.97,25.27,29.08,25.84,10.67,16.63,5.43,24.71,36.48,12.17,32.9,10.85,10.79,17.96,18.28,6.92,19.86,3.53
1496,2017-03-03,7479.945,0.0001,27.4,3.1,10.68,6.85,5.66,7.11,19.01,9.43,7.08,20.75,10.68,30.57,12.89,25.29,29.12,25.68,10.68,16.63,5.34,25.22,35.54,12.25,32.94,10.86,10.79,18.04,18.13,6.93,20.07,3.45
1497,2017-03-06,7498.056,0.0001,27.75,3.15,10.76,6.88,5.64,7.29,19.06,9.47,7.21,20.99,10.68,30.7,12.95,25.28,29.5,25.77,10.76,16.63,5.36,25.79,35.67,12.27,32.89,11.06,10.79,18.09,18.32,6.92,20.12,3.47
1498,2017-03-07,7510.331,0.0001,27.77,3.13,10.59,6.82,5.63,7.38,19.24,9.47,7.16,21.03,10.56,30.83,12.83,25.72,29.07,26.14,10.59,16.63,5.53,25.7,35.75,12.15,32.87,11.12,10.79,18.28,18.39,6.95,20.02,3.46
1499,2017-03-08,7508.831,0.0001,27.77,3.15,10.41,6.68,5.65,7.4,19.29,9.58,7.7,20.66,10.64,31.02,12.71,25.71,29.1,25.92,10.41,16.63,5.45,25.67,35.51,11.98,33.04,11.01,10.79,18.29,18.21,6.94,20.03,3.44
1500,2017-03-09,7466.701,0.0001,27.79,3.12,10.09,6.65,5.6,7.37,19.05,9.66,7.75,20.41,10.71,30.7,12.63,25.28,28.03,25.5,10.09,16.63,5.39,25.31,35.18,11.82,32.75,10.77,10.79,18.12,17.93,6.94,19.9,3.39
1501,2017-03-10,7452.975,0.0001,27.4,3.11,10.06,6.8,5.51,7.5,18.91,9.63,7.78,20.59,10.56,31.15,12.65,24.9,27.69,25.8,10.06,16.63,5.44,24.92,35.18,11.73,33.19,11.03,10.79,18.2,17.88,6.9,19.84,3.4
1502,2017-03-13,7508.816999999999,0.0001,28.35,3.1,10.14,6.83,5.53,7.66,19.03,10.09,7.41,20.9,10.98,31.62,12.82,25.14,27.92,25.99,10.14,16.63,5.59,25.21,36.16,11.75,33.44,11.29,10.79,18.52,18.03,6.94,20.3,3.46
1503,2017-03-14,7512.2519999999995,0.0001,28.43,3.1,10.15,6.9,5.55,7.67,19.1,10.11,7.38,20.89,11.0,31.49,12.82,25.15,27.76,26.49,10.15,16.63,5.5,25.1,35.99,11.67,33.01,11.27,10.79,18.52,17.95,6.93,20.17,3.44
1504,2017-03-15,7524.759,0.0001,28.7,3.12,10.36,6.88,5.59,7.6,19.01,10.09,7.48,20.87,11.1,31.55,12.74,24.96,27.41,26.59,10.36,16.63,5.5,24.8,36.19,11.67,32.8,11.44,10.79,18.48,17.83,6.92,20.1,3.46
1505,2017-03-16,7559.858,0.0001,28.37,3.13,10.34,6.91,5.64,7.48,19.06,10.0,7.69,20.87,11.23,31.52,12.9,25.57,28.16,26.6,10.34,16.63,5.54,25.07,36.33,11.74,32.66,11.36,10.79,18.25,17.91,6.93,20.13,3.48
1506,2017-03-17,7484.735,0.0001,28.46,3.07,10.64,6.72,5.56,7.48,18.81,9.74,7.77,20.59,11.12,31.03,12.81,25.57,27.65,26.97,10.64,16.63,5.49,24.74,36.02,11.62,32.57,11.23,10.79,18.12,17.8,6.85,20.01,3.45
1507,2017-03-20,7493.089,0.0001,28.54,3.04,11.0,6.73,5.68,7.42,18.76,9.62,7.77,20.64,11.24,31.62,12.81,25.48,27.76,27.61,11.0,16.63,5.41,24.92,35.97,11.62,32.73,11.24,10.79,18.27,17.73,7.06,20.12,3.5
1508,2017-03-21,7515.14,0.0001,28.89,3.02,10.88,6.68,5.67,7.45,18.76,9.74,7.66,20.86,11.74,32.36,12.7,25.17,27.6,27.69,10.88,16.63,5.46,24.76,35.54,11.59,33.7,11.38,10.79,18.68,17.7,7.09,20.28,3.47
1509,2017-03-22,7465.724,0.0001,28.5,2.99,10.61,6.51,5.74,7.51,18.52,9.56,7.66,21.07,12.22,33.05,12.66,24.43,27.19,28.54,10.61,16.63,5.46,24.1,35.99,11.49,33.46,11.25,10.79,18.89,17.53,7.12,20.21,3.46
1510,2017-03-23,7486.959,0.0001,28.49,3.03,10.37,6.46,5.71,7.48,18.64,9.65,7.79,21.4,12.16,32.81,12.53,24.57,27.35,28.4,10.37,16.63,5.47,24.26,36.51,11.68,33.29,11.46,10.79,18.92,17.55,7.09,20.46,3.46
1511,2017-03-24,7543.149,0.0001,29.19,3.08,10.46,6.57,5.8,7.61,18.78,9.68,7.66,21.5,12.17,32.69,12.45,24.9,28.0,28.13,10.46,16.63,5.58,24.16,35.9,11.77,34.04,11.89,10.79,19.15,17.64,7.15,20.48,3.42
1512,2017-03-27,7533.32,0.0001,29.6,3.05,10.55,6.49,5.71,7.53,19.1,9.66,7.53,21.52,11.88,32.45,12.37,25.09,27.94,27.9,10.55,16.63,5.59,24.04,36.79,11.71,34.3,11.64,10.79,18.93,17.9,7.4,20.33,3.47
1513,2017-03-28,7509.2919999999995,0.0001,29.76,3.07,10.36,6.49,5.67,7.45,18.97,9.57,7.44,21.12,11.88,31.78,12.42,25.06,27.9,28.14,10.36,16.63,5.54,23.91,36.48,11.73,33.99,11.66,10.39,18.65,17.78,7.39,20.3,3.44
1514,2017-03-29,7501.034000000001,0.0001,30.08,3.08,10.39,6.53,5.69,7.49,19.09,9.49,7.43,21.08,12.07,31.66,12.37,24.87,28.18,27.48,10.39,16.63,5.51,23.9,36.56,11.55,33.56,12.0,10.35,18.71,17.6,7.37,20.31,3.46
1515,2017-03-30,7461.698,0.0001,29.99,3.01,10.07,6.44,5.67,7.31,19.02,9.49,7.34,21.14,11.86,31.32,12.07,24.8,27.27,27.69,10.07,16.63,5.49,23.38,35.74,11.23,32.83,11.95,10.08,18.63,17.36,7.39,19.95,3.4
1516,2017-03-31,7491.937,0.0001,29.98,3.03,10.02,6.51,5.74,7.2,19.17,9.53,7.47,21.48,11.77,31.61,12.11,25.3,28.3,28.22,10.02,16.63,5.5,23.34,35.78,11.28,32.76,12.18,10.03,18.91,17.25,7.57,20.09,3.38
1517,2017-04-05,7591.986999999999,0.0001,30.28,3.09,10.29,6.73,5.85,7.35,19.07,9.64,7.47,21.69,12.14,31.66,12.36,25.26,28.78,27.99,10.29,16.63,5.78,24.08,36.12,11.4,32.89,12.09,10.15,18.94,17.47,7.67,20.38,3.42
1518,2017-04-06,7613.34,0.0001,30.93,3.09,10.32,6.74,5.89,7.33,19.04,9.68,7.47,21.62,12.67,31.79,12.35,25.06,28.83,28.77,10.32,16.63,5.81,24.72,36.12,11.39,32.5,12.15,10.23,18.79,17.43,7.72,20.41,3.46
1519,2017-04-07,7614.015,0.0001,30.7,3.1,10.21,6.69,5.99,7.25,18.89,9.68,7.47,21.56,12.68,31.59,12.38,25.05,29.29,28.66,10.21,16.63,5.75,24.85,36.12,11.39,32.56,12.0,10.24,18.61,17.46,7.71,20.62,3.56
1520,2017-04-10,7589.422,0.0001,30.27,3.11,10.06,6.71,5.95,7.26,18.91,9.8,7.47,21.44,12.83,31.1,12.21,24.9,30.18,28.25,10.06,16.63,5.72,24.71,36.12,11.26,31.97,11.87,10.46,18.59,17.33,7.84,20.7,3.51
1521,2017-04-11,7619.111,0.0001,29.94,3.12,10.18,6.61,5.94,7.34,19.02,9.88,7.47,21.49,12.91,31.02,12.3,24.79,31.63,28.13,10.18,16.63,5.92,25.1,36.12,11.37,32.09,11.75,10.58,18.47,17.5,7.84,20.66,3.57
1522,2017-04-12,7604.908,0.0001,32.26,3.17,10.54,6.55,5.93,7.09,19.05,9.99,7.47,21.37,12.73,31.23,12.48,24.86,31.18,28.17,10.54,16.63,5.81,24.45,36.12,11.54,32.2,11.81,10.47,18.66,17.66,7.89,20.55,3.57
1523,2017-04-13,7593.53,0.0001,34.08,3.15,10.78,6.54,5.89,7.07,18.92,9.91,7.47,21.39,12.72,31.32,12.53,24.97,30.98,29.19,10.78,16.63,5.85,24.55,36.12,11.52,32.85,11.78,10.4,18.47,17.61,7.81,20.69,3.58
1524,2017-04-14,7549.158,0.0001,34.08,3.24,11.86,6.55,5.88,6.91,18.82,9.89,7.47,21.21,12.72,31.12,12.63,24.51,31.14,29.19,11.86,16.63,5.76,24.0,36.12,11.28,32.72,11.56,10.44,18.39,17.39,7.79,20.24,3.62
1525,2017-04-17,7537.096,0.0001,34.19,3.23,12.38,6.5,5.85,6.81,18.88,9.85,7.47,21.29,12.8,31.48,12.73,24.62,29.83,29.26,12.38,16.63,5.95,23.59,36.12,11.21,32.63,11.67,10.56,18.45,17.42,7.78,20.36,3.53
1526,2017-04-18,7479.568,0.0001,34.92,3.13,12.24,6.4,5.8,6.81,18.6,9.6,7.47,21.48,13.05,31.78,12.48,24.05,29.67,30.13,12.24,16.63,6.06,23.33,36.12,11.02,33.0,11.92,10.25,18.55,17.33,7.79,20.41,3.47
1527,2017-04-19,7434.406999999999,0.0001,34.48,3.05,11.49,6.19,5.76,6.77,18.46,9.63,7.47,21.48,12.92,31.96,12.14,23.83,29.02,30.34,11.49,16.63,6.03,22.92,36.12,10.8,32.7,11.93,10.09,18.57,17.0,7.79,20.6,3.49
1528,2017-04-20,7468.3640000000005,0.0001,34.5,3.06,12.28,6.22,5.75,6.83,18.39,9.66,7.47,20.41,13.37,32.68,12.14,23.81,29.36,31.0,12.28,16.63,6.21,22.98,36.12,10.8,33.16,12.23,9.81,19.0,16.82,7.97,21.04,3.43
1529,2017-04-21,7497.459,0.0001,34.07,3.07,11.61,6.25,5.8,6.91,18.8,9.72,7.47,20.59,13.15,32.54,11.99,24.13,28.23,30.74,11.61,16.63,6.22,23.51,36.12,10.78,33.54,12.36,9.99,18.96,16.93,8.0,20.86,3.44
1530,2017-04-24,7450.964,0.0001,34.22,3.0,10.45,6.05,5.84,6.71,18.91,9.79,7.47,20.64,11.96,32.1,11.29,24.55,27.32,30.74,10.45,16.63,6.18,23.48,36.12,10.49,32.99,12.45,9.64,18.96,16.39,8.06,19.09,3.36
1531,2017-04-25,7447.459,0.0001,33.8,3.02,10.57,6.09,5.79,6.81,18.96,9.75,7.47,20.5,11.6,31.49,11.23,24.9,29.33,30.27,10.57,16.63,6.35,23.23,36.12,10.47,33.46,12.42,9.52,18.96,16.38,7.85,19.31,3.36
1532,2017-04-26,7443.076,0.0001,33.88,3.0,10.96,6.16,5.78,6.98,19.11,9.69,7.47,20.43,11.73,31.71,11.25,25.48,27.72,29.89,10.96,16.63,6.2,22.68,36.12,10.5,32.75,12.56,9.49,18.96,16.22,7.81,19.43,3.35
1533,2017-04-27,7450.1140000000005,0.0001,33.84,2.99,11.19,6.14,5.78,7.04,18.98,9.55,7.47,20.4,12.04,31.25,11.31,26.01,26.65,30.2,11.19,16.63,6.17,23.78,36.12,10.91,32.22,12.55,9.54,18.96,16.05,7.78,19.47,3.35
1534,2017-04-28,7438.375,0.0001,34.25,3.02,11.01,6.24,5.78,7.03,19.13,9.42,7.47,20.14,11.94,31.03,11.39,26.13,26.66,29.54,11.01,16.63,6.08,24.04,36.12,10.89,31.99,12.19,9.5,18.26,16.23,7.8,19.39,3.38
1535,2017-05-02,7407.65,0.0001,35.0,3.0,10.45,6.28,5.73,7.02,19.01,9.36,7.47,19.94,12.2,30.99,11.43,25.94,26.11,29.42,10.45,16.63,6.21,24.16,36.12,10.94,32.02,12.95,9.64,18.42,16.01,7.92,19.23,3.37
1536,2017-05-03,7384.455,0.0001,35.33,2.92,10.2,6.22,5.73,7.18,18.93,9.36,7.47,19.92,12.19,30.94,11.44,25.73,25.92,29.69,10.2,16.63,6.19,23.91,36.12,11.04,31.17,13.11,9.7,18.25,16.23,7.96,19.12,3.36
1537,2017-05-04,7367.299,0.0001,36.25,2.93,10.11,6.15,5.71,7.17,18.75,9.35,7.47,19.9,11.99,31.0,11.4,26.05,25.25,29.33,10.11,16.63,6.2,23.19,36.12,10.95,31.37,13.1,9.7,18.29,16.14,7.94,19.02,3.33
1538,2017-05-05,7344.257,0.0001,36.42,2.93,9.63,6.05,5.64,6.99,18.8,9.36,7.47,19.7,11.67,31.07,11.45,25.77,24.37,29.92,9.63,16.63,6.21,23.4,36.12,10.9,31.45,13.14,9.52,18.34,16.11,7.97,18.29,3.3
1539,2017-05-08,7340.446,0.0001,36.53,2.96,9.11,6.0,5.72,6.88,18.79,9.33,7.47,19.79,10.97,31.17,11.5,26.36,23.05,30.02,9.11,16.63,6.29,23.38,36.12,10.67,31.41,13.23,9.5,18.42,16.2,8.07,18.21,3.29
1540,2017-05-09,7303.927,0.0001,35.21,2.95,9.3,5.97,5.71,6.82,18.79,9.32,7.47,19.23,10.79,30.81,11.6,26.17,23.61,29.31,9.3,16.63,6.22,23.31,36.12,10.86,31.19,12.86,9.54,17.41,16.82,7.97,18.18,3.27
1541,2017-05-10,7281.404,0.0001,35.33,2.91,8.83,5.92,5.71,6.62,19.02,9.17,7.47,19.21,10.52,30.81,11.09,27.1,23.24,29.98,8.83,16.63,5.95,22.95,36.12,10.57,31.27,12.85,9.4,17.42,16.41,7.97,18.12,3.23
1542,2017-05-11,7317.848000000001,0.0001,35.56,2.91,8.72,5.87,5.8,6.6,19.26,9.18,7.47,19.45,10.91,30.92,11.02,27.02,23.97,30.16,8.72,16.63,6.07,20.66,36.12,10.63,31.41,13.24,9.27,17.58,16.23,8.08,18.4,3.2
1543,2017-05-12,7392.103,0.0001,35.67,2.91,8.79,5.85,5.87,6.67,20.34,9.19,7.47,19.35,10.86,30.96,10.93,27.75,23.81,31.18,8.79,16.63,6.25,20.55,36.12,10.95,31.5,13.15,9.27,17.54,16.26,8.09,18.29,3.2
1544,2017-05-15,7412.819,0.0001,37.02,2.91,8.7,5.9,5.9,6.7,20.67,9.26,7.47,19.78,10.26,31.51,10.88,27.14,23.33,31.45,8.7,16.63,6.33,21.2,36.12,10.97,31.86,13.17,9.25,18.13,16.25,8.3,18.57,3.21
1545,2017-05-16,7442.804,0.0001,39.04,2.94,8.93,5.94,5.87,6.75,20.49,9.28,7.47,19.92,10.38,31.59,11.06,27.07,23.85,31.86,8.93,16.63,6.55,21.0,36.12,11.27,31.86,13.3,9.38,18.34,16.31,8.44,18.86,3.25
1546,2017-05-17,7398.55,0.0001,38.5,2.93,9.0,5.96,5.79,6.74,20.19,9.21,7.47,19.81,10.6,31.13,11.02,26.29,24.14,30.33,9.0,16.63,6.46,20.72,36.12,10.81,31.88,13.13,9.42,18.2,16.28,8.31,18.92,3.24
1547,2017-05-18,7372.041,0.0001,38.16,2.94,9.01,5.95,5.81,6.73,20.25,9.22,7.47,19.59,10.56,31.32,10.91,26.24,23.74,30.46,9.01,16.63,6.7,20.24,32.51,10.74,32.07,13.15,9.43,18.35,16.14,8.39,18.65,3.27
1548,2017-05-19,7383.406,0.0001,39.32,2.93,9.09,5.99,5.84,6.7,20.53,9.32,7.47,19.41,10.27,31.69,11.08,26.24,23.81,30.67,9.09,16.63,6.74,20.62,30.3,10.79,32.22,13.32,9.43,18.86,16.62,8.4,18.51,3.24
1549,2017-05-22,7412.604,0.0001,39.82,2.93,8.73,6.15,5.95,6.7,20.89,9.31,7.47,19.59,10.04,31.94,10.97,27.08,23.19,31.06,8.73,16.63,6.72,20.01,30.05,10.7,32.68,13.49,9.3,19.25,16.22,8.48,18.4,3.23
1550,2017-05-23,7472.107,0.0001,40.15,2.96,8.56,6.28,6.0,6.7,21.83,9.34,7.47,19.95,9.7,32.45,10.93,27.93,21.61,31.5,8.56,16.63,6.88,19.42,28.66,10.41,32.43,13.69,9.07,19.33,16.16,8.59,18.0,3.27
1551,2017-05-24,7462.717,0.0001,38.68,2.96,8.68,6.22,5.98,6.69,21.91,9.38,7.47,20.05,9.73,32.07,10.98,27.45,21.8,31.66,8.68,16.63,6.9,19.2,27.52,10.49,31.89,13.71,9.13,18.87,16.09,8.52,17.92,3.25
1552,2017-05-25,7618.02,0.0001,37.54,2.99,9.05,6.41,6.16,6.84,22.95,9.71,7.47,19.94,10.01,32.16,11.1,28.66,22.07,31.3,9.05,16.63,6.83,19.42,27.67,10.71,34.38,13.61,9.29,19.31,16.2,8.46,18.31,3.27
1553,2017-05-26,7615.431,0.0001,37.79,2.99,8.94,6.47,6.14,6.91,22.64,9.57,7.47,20.1,10.19,32.04,10.97,28.58,21.99,31.03,8.94,16.63,6.58,19.54,28.49,10.71,33.58,13.96,9.42,19.51,16.15,8.46,18.45,3.28
1554,2017-05-31,7644.964,0.0001,37.79,2.19,9.0,6.34,6.27,6.9,22.42,9.69,7.47,20.39,10.17,32.29,10.96,28.08,22.31,31.68,9.0,16.63,6.58,19.47,28.55,10.58,33.17,14.17,9.38,19.41,16.16,8.55,18.5,3.28
1555,2017-06-01,7681.118,0.0001,38.29,2.15,8.89,6.31,6.33,6.97,22.59,9.76,7.47,20.66,9.93,32.58,10.84,28.68,21.59,32.18,8.89,16.63,6.7,18.4,27.69,10.41,33.14,14.38,9.14,19.44,16.21,8.41,18.5,3.27
1556,2017-06-02,7635.936,0.0001,38.19,2.14,9.1,6.36,6.26,6.93,22.16,9.73,7.47,20.51,10.0,32.4,10.76,28.11,22.28,31.89,9.1,16.63,6.74,18.18,27.84,10.52,32.96,14.3,9.3,19.2,16.25,8.42,18.78,3.26
1557,2017-06-05,7576.465,0.0001,37.3,2.15,9.16,6.29,6.12,6.88,21.98,9.69,7.47,20.53,10.37,31.72,10.82,27.5,22.52,31.45,9.16,16.63,6.77,18.41,29.42,10.58,33.65,14.23,9.37,18.99,16.43,8.23,18.68,3.28
1558,2017-06-06,7620.0419999999995,0.0001,37.57,2.16,9.18,6.36,6.09,6.85,21.93,9.83,7.47,20.8,10.27,32.1,10.79,27.62,22.55,31.98,9.18,16.63,6.81,18.59,29.6,10.62,33.14,14.65,9.42,19.3,16.4,8.04,19.11,3.3
1559,2017-06-07,7682.71,0.0001,37.49,2.19,9.29,6.43,6.09,6.97,22.52,9.86,7.47,21.22,10.5,32.24,11.02,27.49,22.81,32.62,9.29,16.63,6.98,19.08,29.79,10.74,33.44,14.66,9.51,19.25,16.51,8.08,19.15,3.32
1560,2017-06-08,7740.65,0.0001,39.34,2.19,9.2,6.49,6.14,6.96,22.74,10.05,7.47,21.51,10.87,33.17,10.97,28.5,23.11,33.29,9.2,16.22,6.97,19.08,29.43,10.8,34.28,15.05,9.48,20.48,16.51,8.21,19.12,3.29
1561,2017-06-09,7776.834,0.0001,38.91,2.17,9.17,6.49,6.11,7.3,22.91,9.68,7.47,21.67,11.17,33.12,11.06,28.46,22.85,33.06,9.17,17.84,6.98,19.06,28.97,10.8,35.17,15.01,9.5,20.43,16.6,8.37,19.2,3.3
1562,2017-06-12,7766.581,0.0001,38.51,2.15,9.0,6.46,6.11,7.29,22.84,9.68,7.47,22.87,11.1,33.87,10.77,29.0,22.21,33.14,9.0,18.16,6.84,18.75,29.05,10.68,34.8,15.07,9.34,20.52,16.33,8.41,18.85,3.25
1563,2017-06-13,7767.89,0.0001,38.67,2.18,9.17,6.58,6.05,7.32,22.49,9.68,7.47,23.05,11.09,33.73,10.96,28.48,22.47,33.4,9.17,18.16,6.83,19.04,29.24,10.84,34.59,15.02,9.41,20.55,16.43,8.36,19.13,3.31
1564,2017-06-14,7668.581999999999,0.0001,37.38,2.17,9.18,6.32,5.98,7.33,21.3,9.43,7.47,21.88,10.84,32.94,11.1,27.49,22.49,32.41,9.18,17.77,6.82,19.16,29.45,10.77,34.31,14.35,9.32,20.0,16.49,8.23,19.25,3.31
1565,2017-06-15,7639.547,0.0001,36.14,2.18,9.28,6.36,5.92,7.34,20.93,9.42,7.47,21.26,10.8,33.16,11.18,27.14,22.54,32.05,9.28,17.27,6.66,19.38,29.17,10.88,34.6,14.09,9.44,19.91,16.59,8.07,19.37,3.35
1566,2017-06-16,7619.861,0.0001,36.14,2.18,9.32,6.38,5.93,7.26,20.81,9.39,7.47,21.05,10.67,32.76,11.22,26.83,22.77,32.02,9.32,17.2,6.68,19.16,28.81,10.8,33.98,14.0,9.44,19.83,16.36,8.1,19.2,3.35
1567,2017-06-19,7700.271,0.0001,36.12,2.19,9.53,6.45,5.95,7.47,21.16,9.45,7.47,21.28,11.05,32.88,11.21,27.13,23.17,32.18,9.53,17.4,6.77,19.37,28.71,10.83,33.91,14.21,9.48,20.01,16.52,8.12,19.5,3.35
1568,2017-06-20,7673.9890000000005,0.0001,35.52,2.2,9.45,6.42,5.94,7.44,21.08,9.38,7.47,20.88,10.98,32.74,11.24,26.54,22.96,31.9,9.45,17.02,6.72,19.39,28.93,10.97,33.96,13.96,9.5,19.82,16.53,8.12,19.39,3.33
1569,2017-06-21,7746.56,0.0001,37.69,2.19,9.43,6.56,5.94,7.45,21.31,9.6,7.47,21.28,11.06,34.45,11.18,26.79,23.13,32.8,9.43,17.2,7.27,19.29,28.91,11.02,34.66,14.65,9.54,20.59,16.65,8.21,19.11,3.34
1570,2017-06-22,7774.143,0.0001,37.85,2.17,9.31,6.51,5.97,7.6,22.73,9.61,7.47,21.38,10.91,33.78,11.19,27.46,22.76,30.17,9.31,16.95,6.97,18.83,29.23,10.77,33.94,14.3,9.41,20.64,16.82,8.24,19.28,3.35
1571,2017-06-23,7814.139,0.0001,38.22,2.17,9.53,6.46,6.01,7.74,23.03,9.99,7.47,21.43,10.99,35.15,11.23,27.68,22.63,31.18,9.53,16.38,7.09,18.66,29.04,10.88,34.2,14.8,9.35,20.97,16.79,8.27,19.59,3.36
1572,2017-06-26,7886.335999999999,0.0001,37.79,2.19,9.69,6.59,6.0,8.29,23.04,10.24,7.47,21.91,11.11,35.19,11.43,27.37,23.05,31.56,9.69,17.39,7.12,19.06,29.11,10.93,34.75,15.2,9.42,20.91,17.01,8.29,20.67,3.37
1573,2017-06-27,7908.354,0.0001,38.02,2.18,10.05,6.61,5.9,8.32,24.36,10.17,7.47,21.85,11.09,35.45,11.41,27.12,23.15,31.25,10.05,17.36,7.1,19.09,29.17,10.85,34.89,15.24,9.48,21.3,16.93,8.4,20.28,3.36
1574,2017-06-28,7859.1,0.0001,37.32,2.2,9.87,6.7,5.91,8.14,23.8,10.02,7.47,21.55,11.08,34.8,11.4,26.68,22.89,30.8,9.87,17.34,7.01,18.92,29.19,10.89,34.42,15.0,9.49,20.79,16.77,8.36,20.19,3.37
1575,2017-06-29,7904.709,0.0001,37.22,2.21,10.2,6.71,5.92,8.17,24.15,10.07,7.47,21.86,11.22,34.8,11.42,26.81,22.95,30.72,10.2,17.28,7.04,19.35,29.1,10.92,34.99,15.04,9.49,21.48,16.79,8.3,20.27,3.39
1576,2017-06-30,7900.354,0.0001,37.31,2.19,10.2,6.71,5.93,8.13,23.91,9.97,7.47,21.97,11.24,34.96,11.33,26.98,22.87,30.99,10.2,17.65,7.08,19.16,28.93,11.11,35.1,15.05,9.58,21.59,16.88,8.39,20.09,3.43
1577,2017-07-03,7873.75,0.0001,38.15,2.24,10.27,6.99,5.94,8.07,23.52,10.18,7.47,22.07,11.32,34.53,11.5,26.72,23.0,31.3,10.27,17.53,7.18,19.7,28.81,11.4,34.79,14.56,9.73,21.33,16.88,8.39,19.94,3.44
1578,2017-07-04,7809.706999999999,0.0001,38.09,2.22,10.16,6.84,6.05,8.1,23.0,9.89,7.47,21.97,10.91,34.15,11.47,26.82,23.0,31.26,10.16,17.6,7.0,19.69,28.9,11.29,33.96,14.24,9.68,20.92,16.97,8.24,20.07,3.45
1579,2017-07-05,7897.361,0.0001,38.09,2.23,10.23,6.92,6.05,8.2,23.9,10.05,7.47,21.76,11.09,34.64,11.69,27.38,23.03,31.34,10.23,18.14,7.07,20.0,28.91,11.4,33.96,14.36,9.77,21.11,16.93,8.33,20.1,3.47
1580,2017-07-06,7910.778,0.0001,38.19,2.29,10.51,7.01,6.06,7.97,23.96,9.85,7.47,21.95,11.24,34.19,12.14,27.79,23.3,30.19,10.51,18.09,7.05,19.88,29.49,11.39,33.56,14.22,9.74,20.8,16.82,8.36,19.98,3.49
1581,2017-07-07,7904.425,0.0001,38.29,2.38,10.46,7.02,6.04,7.99,23.26,10.23,7.47,22.06,11.11,33.84,13.35,27.44,23.62,29.88,10.46,18.14,7.03,19.68,29.87,11.3,33.6,14.18,9.73,20.41,16.8,8.86,20.02,3.51
1582,2017-07-10,7915.0869999999995,0.0001,37.08,2.38,10.59,7.26,6.14,8.3,23.26,10.35,7.47,22.06,11.33,33.43,13.11,27.12,23.49,28.96,10.59,17.71,7.09,19.51,29.31,11.42,33.68,14.14,9.88,20.51,16.62,8.9,19.9,3.54
1583,2017-07-11,7945.581999999999,0.0001,37.38,2.33,10.48,7.21,6.15,8.06,24.08,10.39,7.47,21.84,11.17,33.66,12.67,28.38,23.11,29.49,10.48,17.39,7.26,19.03,29.12,11.12,33.75,14.51,9.7,20.89,16.55,8.83,19.64,3.47
1584,2017-07-12,7923.253000000001,0.0001,37.22,2.32,10.68,7.1,6.08,7.95,24.34,10.37,7.47,21.47,10.97,33.6,13.12,27.98,22.85,29.24,10.68,16.87,7.05,18.91,29.45,11.64,33.38,14.17,9.66,20.84,16.45,8.81,19.83,3.47
1585,2017-07-13,8008.599,0.0001,37.19,2.42,10.95,7.23,6.18,7.82,24.9,10.48,7.47,21.3,11.38,33.67,14.19,28.8,23.38,29.71,10.95,17.12,6.99,18.71,30.88,11.65,33.27,14.08,9.8,20.53,16.48,9.0,19.68,3.55
1586,2017-07-14,8055.13,0.0001,37.66,2.39,11.17,7.18,6.22,8.03,25.18,10.88,7.47,21.68,11.37,34.01,13.76,29.05,23.16,29.98,11.17,17.18,7.0,18.57,30.62,11.52,33.37,14.19,9.84,20.9,16.58,9.04,19.75,3.55
1587,2017-07-17,8018.253000000001,0.0001,37.98,2.35,11.82,7.12,6.32,7.93,25.11,10.66,7.47,21.68,11.05,32.81,13.49,29.5,21.56,29.91,11.82,17.06,6.71,16.71,31.33,10.93,32.12,14.29,9.5,20.81,16.35,9.07,18.94,3.58
1588,2017-07-18,8022.14,0.0001,38.23,2.48,13.0,7.31,6.28,8.11,24.52,10.89,7.47,21.82,11.29,32.58,14.0,29.21,21.81,28.71,13.0,17.16,6.73,16.9,31.65,11.1,32.34,14.14,9.54,20.44,16.31,8.98,18.64,3.6
1589,2017-07-19,8146.611,0.0001,38.16,2.53,14.3,7.59,6.1,8.45,25.22,10.83,7.47,21.54,11.82,32.83,14.36,29.37,22.65,28.82,14.3,17.47,6.73,16.98,32.43,11.28,33.09,14.17,9.84,20.46,16.41,9.05,19.03,3.64
1590,2017-07-20,8172.331999999999,0.0001,38.16,2.54,15.73,7.45,6.19,8.37,25.2,11.18,7.47,22.16,11.83,33.0,14.44,29.29,22.72,28.53,15.73,17.63,6.69,17.09,31.84,11.34,32.94,14.63,9.84,20.73,16.4,9.09,19.21,3.59
1591,2017-07-21,8122.894,0.0001,37.65,2.51,16.51,7.48,6.19,8.38,24.74,10.97,7.47,23.08,11.97,32.97,14.13,28.69,22.68,28.61,16.51,17.51,6.83,17.13,31.82,11.3,32.84,14.54,10.24,20.74,16.36,9.06,19.25,3.54
1592,2017-07-24,8161.859,0.0001,37.32,2.49,15.78,7.29,6.07,8.5,25.71,10.74,7.47,22.79,11.94,33.06,14.13,28.31,23.09,29.15,15.78,17.62,6.8,17.12,31.6,11.29,33.09,14.74,10.28,21.19,16.28,9.05,19.3,3.56
1593,2017-07-25,8123.129,0.0001,36.99,2.47,15.75,7.2,6.08,8.49,25.53,10.55,7.47,22.64,11.65,33.27,13.93,28.28,22.91,29.58,15.75,17.11,6.77,17.28,30.96,11.09,33.1,14.48,10.25,21.02,16.3,8.92,19.37,3.56
1594,2017-07-26,8109.863,0.0001,36.39,2.52,15.44,7.21,6.14,8.5,25.46,10.37,7.47,22.58,11.57,32.58,15.14,28.34,23.18,29.06,15.44,17.08,6.72,17.05,30.97,10.98,33.31,14.28,10.16,20.63,16.69,8.92,19.27,3.67
1595,2017-07-27,8116.105,0.0001,36.38,2.5,15.0,7.05,6.14,8.3,25.9,10.48,7.47,22.59,11.39,32.63,15.75,28.3,23.37,28.78,15.0,17.14,6.59,17.69,31.2,11.15,33.52,14.07,10.37,20.38,16.88,8.93,19.26,3.66
1596,2017-07-28,8126.116999999999,0.0001,36.5,2.55,15.19,7.12,6.11,8.28,25.78,10.62,7.47,22.13,11.42,32.78,16.92,27.92,23.34,28.82,15.19,17.46,6.55,17.51,30.87,11.03,33.11,14.03,10.27,20.49,16.73,8.79,19.8,3.65
1597,2017-07-31,8161.840999999999,0.0001,37.45,2.81,15.86,7.44,6.11,8.51,25.57,10.51,7.47,22.11,11.38,32.87,18.61,27.6,23.14,29.15,15.86,17.4,6.83,17.54,31.92,11.07,33.39,14.04,10.57,20.63,16.9,8.75,19.64,3.73
1598,2017-08-01,8251.718,0.0001,37.3,2.77,14.27,7.44,6.22,8.7,26.14,10.58,7.47,22.24,11.56,33.08,18.11,28.74,23.05,28.82,14.27,17.4,6.73,17.51,32.29,11.44,33.27,13.84,10.52,20.72,16.88,8.84,19.63,3.76
1599,2017-08-02,8241.937,0.0001,36.81,2.89,14.31,7.56,6.14,8.53,26.62,10.2,7.47,22.08,10.94,32.38,17.95,28.32,22.6,28.69,14.31,17.08,6.7,17.09,31.77,11.33,32.77,13.71,10.71,21.21,16.62,8.73,19.93,3.74
1600,2017-08-03,8170.599,0.0001,36.42,2.92,14.24,7.77,6.09,8.64,25.89,10.13,7.47,21.83,10.47,32.3,18.36,27.85,22.92,28.31,14.24,16.9,6.72,17.39,31.72,11.32,32.56,13.16,10.7,21.29,16.6,8.74,20.08,3.76
1601,2017-08-04,8128.698,0.0001,36.27,2.94,13.7,8.1,6.1,8.86,25.52,10.09,7.47,22.06,10.52,32.2,17.41,27.19,24.35,28.4,13.7,16.64,6.73,17.31,33.16,11.31,32.53,13.15,10.48,20.71,16.37,8.79,19.69,3.79
1602,2017-08-07,8167.093000000001,0.0001,36.66,3.05,14.47,8.64,6.04,8.89,25.98,10.08,7.47,22.0,10.55,32.13,19.15,27.29,24.12,28.58,14.47,16.66,6.72,17.47,32.55,11.28,32.76,13.3,10.61,21.52,16.67,8.61,19.8,3.75
1603,2017-08-08,8170.723000000001,0.0001,37.0,2.96,14.16,8.47,6.03,8.79,25.85,10.07,7.47,21.74,10.56,31.97,19.57,27.4,24.2,28.99,14.16,16.57,6.69,17.6,32.41,11.76,32.57,13.18,10.44,21.54,16.84,8.61,19.57,3.9
1604,2017-08-09,8150.1,0.0001,36.7,2.99,14.95,8.64,6.02,8.85,25.54,10.19,7.47,21.8,10.38,32.3,19.85,27.04,23.83,29.69,14.95,16.86,6.7,17.35,32.88,11.6,33.02,13.35,10.47,23.11,16.68,8.57,19.64,4.06
1605,2017-08-10,8116.39,0.0001,36.92,2.91,15.8,8.22,6.07,8.56,25.14,10.19,7.47,22.27,10.27,32.39,20.02,27.12,23.95,29.51,15.8,16.79,6.62,17.24,33.95,11.49,32.65,13.24,10.32,23.06,16.88,8.75,19.38,4.04
1606,2017-08-11,7977.678000000001,0.0001,37.11,2.67,14.22,7.71,6.0,8.06,24.49,9.84,7.47,22.27,10.09,32.23,18.35,27.02,23.72,28.99,14.22,16.87,6.66,16.9,34.18,11.18,31.87,13.23,10.09,22.39,16.92,8.68,18.72,3.88
1607,2017-08-14,8052.976,0.0001,37.08,2.74,13.82,7.79,5.98,8.2,24.8,9.89,7.47,22.12,10.49,32.63,20.0,27.27,23.94,29.57,13.82,17.01,6.84,18.02,33.96,11.37,32.08,13.22,10.27,22.95,16.93,8.62,18.85,3.79
1608,2017-08-15,8080.4980000000005,0.0001,37.59,2.75,14.26,7.82,5.97,8.15,25.53,9.89,7.47,22.05,10.39,32.6,20.08,27.39,24.19,29.6,14.26,16.87,6.93,17.86,33.29,11.34,32.04,13.19,10.25,23.07,16.86,8.75,18.98,3.73
1609,2017-08-16,8050.557,0.0001,37.36,2.7,14.92,7.84,5.92,8.11,25.17,9.89,7.47,21.75,10.39,32.33,18.61,27.17,24.39,29.67,14.92,16.79,6.83,18.36,32.62,11.5,32.14,12.95,10.29,22.81,17.21,8.78,18.95,3.66
1610,2017-08-17,8097.89,0.0001,37.66,2.72,15.74,7.96,5.94,8.21,25.06,9.98,7.47,21.72,10.57,32.75,18.87,27.44,25.83,29.58,15.74,16.94,6.98,19.03,33.17,11.55,32.28,13.03,10.55,22.88,17.21,9.04,18.97,3.82
1611,2017-08-18,8111.773,0.0001,37.34,2.67,17.31,7.82,5.92,8.18,25.42,10.11,7.47,21.9,10.55,32.56,18.37,28.29,26.49,30.02,17.31,17.38,6.92,19.16,33.05,11.47,32.42,13.04,10.5,22.99,16.99,9.21,18.97,3.76
1612,2017-08-21,8143.25,0.0001,37.5,2.73,19.04,8.13,6.02,8.3,25.3,10.12,8.22,21.81,10.57,32.71,18.45,27.84,26.04,30.29,19.04,17.34,7.07,18.84,33.09,11.68,32.35,13.22,10.77,23.11,17.03,9.07,19.14,3.78
1613,2017-08-22,8186.744000000001,0.0001,37.25,2.7,20.34,8.22,5.99,8.29,25.89,10.26,9.04,21.52,10.45,32.64,18.13,28.07,25.49,30.76,20.34,17.44,7.03,18.74,32.87,11.5,32.45,13.28,10.71,23.27,16.9,8.94,19.04,3.75
1614,2017-08-23,8198.103000000001,0.0001,37.32,2.65,19.17,7.91,5.95,8.1,26.52,10.18,8.96,21.39,10.32,32.15,17.2,28.09,25.58,30.87,19.17,17.12,6.95,18.66,32.18,11.42,32.1,13.21,10.57,23.15,17.16,8.94,18.85,3.67
1615,2017-08-24,8150.866999999999,0.0001,36.96,2.64,18.12,8.04,5.96,8.1,26.69,10.11,8.36,20.86,10.2,31.86,17.24,27.64,25.33,30.22,18.12,16.81,6.86,18.2,31.73,11.4,31.93,13.22,10.33,22.67,16.91,8.95,18.65,3.64
1616,2017-08-25,8307.35,0.0001,37.22,2.7,18.47,8.08,6.03,8.26,27.53,10.26,8.38,20.92,10.55,32.15,17.65,29.27,25.36,30.14,18.47,16.9,6.9,18.53,32.04,11.44,32.17,13.47,10.38,22.87,16.95,9.05,18.81,3.7
1617,2017-08-28,8401.859,0.0001,38.48,2.72,18.54,8.0,6.07,8.48,27.24,10.38,8.35,21.0,10.66,32.25,18.0,29.51,25.83,29.51,18.54,16.93,6.93,18.72,32.94,11.63,32.35,13.98,10.41,22.55,17.07,9.04,18.88,3.74
1618,2017-08-29,8399.769,0.0001,39.36,2.72,17.84,7.98,6.06,8.5,27.14,10.28,8.34,21.4,10.61,32.31,17.7,30.01,25.36,30.14,17.84,16.8,6.9,18.32,33.24,11.42,32.34,14.18,10.56,22.57,17.42,9.1,18.87,3.79
1619,2017-08-30,8385.34,0.0001,38.64,2.8,18.67,8.3,6.06,8.05,27.16,10.41,8.2,21.24,10.66,32.24,18.21,29.39,25.3,29.39,18.67,16.76,6.88,18.51,32.97,11.36,32.34,14.12,10.54,22.54,17.37,9.15,18.98,3.77
1620,2017-08-31,8359.325,0.0001,39.05,2.79,18.2,8.2,6.01,7.83,26.75,10.31,8.04,20.78,10.63,32.27,18.09,29.27,25.29,29.26,18.2,16.92,6.81,18.51,32.64,11.37,32.06,14.03,10.7,23.32,17.27,9.14,19.22,3.75
1621,2017-09-01,8373.455,0.0001,38.27,2.89,18.29,8.57,5.99,7.78,26.76,10.21,7.96,21.0,10.54,32.05,18.78,28.76,25.49,29.41,18.29,16.78,6.96,19.24,33.29,11.31,32.1,13.95,10.95,23.4,17.18,9.1,19.58,4.04
1622,2017-09-04,8391.529,0.0001,38.13,2.9,17.92,8.64,5.95,7.76,26.96,10.28,8.05,21.05,10.5,31.99,19.35,28.84,25.67,29.25,17.92,16.64,7.01,19.71,34.44,11.24,32.01,13.98,10.81,23.49,17.23,9.12,19.59,4.3
1623,2017-09-05,8416.591,0.0001,39.01,2.86,18.17,8.39,5.95,7.79,27.34,10.52,7.89,21.28,10.44,32.03,18.92,29.27,25.21,29.66,18.17,16.39,7.09,19.4,33.79,11.23,32.03,14.21,10.76,24.07,17.1,9.01,19.44,4.27
1624,2017-09-06,8392.659,0.0001,39.33,2.88,18.0,8.39,6.0,7.78,26.88,10.49,7.88,21.3,10.54,32.12,18.78,28.68,25.09,29.66,18.0,16.24,7.06,19.85,33.88,11.15,32.08,14.03,10.97,24.0,17.01,8.95,19.76,4.38
1625,2017-09-07,8336.322,0.0001,40.79,2.82,18.66,8.16,5.96,7.83,26.35,10.9,7.91,21.31,10.34,31.96,18.16,28.51,24.74,30.37,18.66,16.24,7.01,19.4,33.41,11.1,31.89,13.98,10.74,23.46,16.96,8.87,19.55,4.17
1626,2017-09-08,8330.95,0.0001,42.39,2.8,19.21,8.02,5.96,7.8,26.38,11.06,7.74,21.12,10.33,31.92,18.14,28.57,24.78,30.42,19.21,16.43,7.05,19.42,33.94,11.21,31.82,13.79,10.73,23.68,16.89,8.84,19.4,4.29
1627,2017-09-11,8324.360999999999,0.0001,41.22,2.84,18.86,7.98,5.98,7.7,26.18,10.9,7.54,21.51,10.32,31.74,18.65,27.94,24.94,29.5,18.86,16.53,7.03,19.26,33.28,11.45,31.67,13.99,10.74,23.24,16.98,8.9,19.81,4.16
1628,2017-09-12,8362.949,0.0001,41.33,2.9,18.85,8.04,5.96,7.65,26.44,10.71,7.58,22.53,10.24,31.34,19.25,27.98,24.94,29.24,18.85,16.65,7.03,20.52,32.87,11.51,31.49,14.1,11.07,23.5,16.96,8.96,19.86,4.14
1629,2017-09-13,8357.934000000001,0.0001,40.82,2.89,18.69,8.05,5.96,7.8,26.17,10.73,7.48,22.19,10.34,31.38,19.59,27.78,25.04,29.21,18.69,16.43,7.01,20.03,32.75,11.59,31.6,14.35,10.9,23.56,16.97,8.96,19.95,4.05
1630,2017-09-14,8319.537,0.0001,40.7,2.83,17.36,7.76,5.95,7.75,25.86,11.32,7.48,21.95,10.43,31.67,18.81,27.92,24.59,29.81,17.36,16.22,6.97,20.07,32.56,11.6,31.4,14.25,10.95,23.58,16.79,8.97,20.39,4.01
1631,2017-09-15,8299.178,0.0001,41.04,2.76,16.01,7.4,5.92,7.69,25.97,11.65,7.31,22.03,10.87,31.6,17.62,28.03,24.62,30.98,16.01,16.31,7.32,19.79,32.68,11.8,31.27,14.52,10.84,24.24,16.88,8.85,20.15,4.01
1632,2017-09-18,8320.017,0.0001,39.91,2.76,16.08,7.37,5.93,7.8,25.76,11.45,7.32,23.02,11.11,31.7,17.65,27.8,24.58,31.17,16.08,16.3,7.36,19.73,32.37,11.84,31.63,14.14,10.89,24.38,16.85,8.85,20.38,3.95
1633,2017-09-19,8309.996,0.0001,39.24,2.71,16.2,7.36,5.95,7.75,26.17,11.59,7.25,23.1,10.92,31.46,17.54,27.79,24.32,31.18,16.2,16.2,7.81,19.38,32.14,11.8,31.3,14.11,10.79,24.36,16.89,8.87,20.63,3.99
1634,2017-09-20,8305.626,0.0001,38.36,2.73,16.4,7.43,5.83,7.72,25.89,11.29,7.21,23.77,10.8,31.53,17.85,27.59,24.79,32.76,16.4,16.17,7.92,19.6,32.5,11.7,31.47,14.08,10.75,24.84,16.82,8.86,20.98,4.05
1635,2017-09-21,8304.129,0.0001,37.89,2.71,15.59,7.32,5.84,7.63,26.06,11.33,7.48,23.44,10.78,31.33,17.14,27.69,24.53,32.77,15.59,16.28,7.98,19.6,31.36,11.73,30.98,14.3,10.7,25.19,16.82,8.83,22.16,3.9
1636,2017-09-22,8306.634,0.0001,38.11,2.7,15.08,7.17,5.88,7.46,25.95,11.31,7.41,23.68,10.64,31.32,17.26,28.14,24.35,33.15,15.08,16.34,7.77,19.18,31.49,11.9,30.79,14.59,10.49,25.32,16.92,8.85,22.4,3.92
1637,2017-09-25,8293.431999999999,0.0001,38.45,2.66,14.53,7.13,5.93,7.32,25.81,10.57,7.18,23.82,10.58,32.03,15.92,28.36,24.34,33.95,14.53,16.33,7.68,18.73,31.59,11.6,30.59,14.69,10.28,25.79,16.97,8.95,21.92,3.91
1638,2017-09-26,8293.15,0.0001,38.43,2.7,14.74,7.27,5.96,7.35,25.71,10.65,7.32,23.56,10.63,31.85,16.12,28.37,24.67,33.01,14.74,16.25,7.69,18.83,31.74,11.75,30.51,14.52,10.4,25.8,16.82,8.91,21.56,3.93
1639,2017-09-27,8271.729,0.0001,38.15,2.72,15.15,7.46,5.92,7.55,25.4,10.77,7.47,24.13,10.49,31.88,16.25,27.85,24.67,32.96,15.15,16.43,7.77,19.01,31.38,11.75,30.56,14.8,10.42,25.44,16.75,8.84,21.92,3.91
1640,2017-09-28,8269.078000000001,0.0001,38.33,2.7,14.73,7.34,5.9,7.48,25.2,10.44,7.44,24.54,10.37,32.08,15.93,27.91,24.67,33.99,14.73,16.46,7.79,18.8,31.19,11.96,30.59,14.91,10.42,26.4,16.76,8.85,21.5,3.87
1641,2017-09-29,8297.697,0.0001,37.98,2.7,14.7,7.39,5.9,7.65,25.55,10.4,7.42,24.6,10.38,32.41,16.13,27.74,24.67,34.19,14.7,16.52,7.99,18.88,31.43,11.93,30.81,15.09,10.43,27.5,16.77,8.75,21.39,3.87
1642,2017-10-09,8366.398000000001,0.0001,38.56,2.72,14.81,7.46,5.87,7.77,26.08,10.54,7.29,25.21,10.56,32.43,16.07,27.75,24.67,34.88,14.81,16.76,8.25,19.35,31.56,12.34,31.1,15.35,10.51,27.79,16.81,8.87,22.18,3.9
