,date,sse180,rate,sh.600009,sh.600010,sh.600295,sh.600019,sh.600028,sh.600031,sh.600036,sh.600048,sh.600050,sh.600066,sh.600068,sh.600085,sh.600111,sh.601628,sh.600150,sh.600196,sh.600295.1,sh.600406,sh.601933,sh.600536,sh.600547,sh.600598,sh.600600,sh.600690,sh.600875,sh.600887,sh.600895,sh.601006,sh.601877,sh.601899
1642,2017-10-09,8366.398000000001,0.0001,38.56,2.72,14.81,7.46,5.87,7.77,26.08,10.54,7.29,25.21,10.56,32.43,16.07,27.75,24.67,34.88,14.81,16.76,8.25,19.35,31.56,12.34,31.1,15.35,10.51,27.79,16.81,8.87,22.18,3.9
1643,2017-10-10,8369.725,0.0001,37.82,2.69,14.63,7.34,5.85,7.79,26.12,10.46,7.2,24.85,10.46,32.87,15.55,27.4,24.67,34.67,14.63,16.78,8.24,20.09,31.49,12.67,31.19,14.76,10.56,27.59,16.85,9.02,22.63,3.9
1644,2017-10-11,8391.506,0.0001,38.63,2.67,14.4,7.28,5.86,7.76,26.04,10.44,7.15,24.83,10.74,32.73,15.5,27.6,24.67,35.83,14.4,16.78,8.3,19.87,31.2,12.55,31.44,14.8,10.49,28.57,16.95,9.02,22.21,3.87
1645,2017-10-12,8415.264000000001,0.0001,39.99,2.67,14.14,7.37,5.82,7.81,26.37,10.32,7.32,25.22,10.6,32.49,15.28,28.09,24.67,36.7,14.14,16.62,8.72,20.12,31.3,12.53,31.29,15.62,10.35,28.49,17.09,9.06,23.24,3.87
1646,2017-10-13,8414.46,0.0001,40.04,2.66,14.14,7.53,5.81,7.9,26.2,10.27,7.25,24.92,10.66,32.58,15.29,27.95,24.67,36.67,14.14,16.65,8.8,19.9,31.18,12.89,32.85,15.93,10.45,27.6,17.08,8.97,23.29,3.9
1647,2017-10-16,8430.05,0.0001,40.04,2.66,14.04,7.61,5.81,7.87,26.87,10.18,7.21,24.84,10.54,32.87,15.38,28.36,24.67,37.53,14.04,16.76,8.95,19.12,30.58,12.46,32.6,15.92,10.28,27.69,16.82,8.96,22.69,4.01
1648,2017-10-17,8417.133,0.0001,39.57,2.64,13.68,7.48,5.82,7.91,27.03,10.22,7.21,24.9,10.44,32.9,14.98,28.22,24.67,37.63,13.68,16.84,8.95,19.1,29.9,12.33,32.1,16.11,10.36,27.9,17.14,8.98,22.96,3.91
1649,2017-10-18,8486.004,0.0001,40.4,2.58,13.22,7.4,5.9,7.97,27.11,10.25,7.16,25.63,10.46,33.67,14.65,28.69,24.67,37.29,13.22,17.09,8.88,18.86,30.26,12.32,32.03,16.45,10.21,29.54,17.15,9.16,23.12,3.93
1650,2017-10-19,8484.326,0.0001,40.71,2.51,13.4,7.45,5.92,7.81,27.1,10.26,6.92,25.82,10.15,33.56,14.7,28.82,24.67,39.46,13.4,17.09,9.17,18.48,30.29,12.01,32.65,16.56,10.02,29.76,17.16,9.23,22.7,3.94
1651,2017-10-20,8465.875,0.0001,40.81,2.56,14.18,7.55,5.86,7.87,26.77,10.37,6.99,25.48,10.19,33.35,15.14,28.32,24.67,39.45,14.18,17.09,9.02,18.77,30.17,12.21,32.22,16.08,10.11,29.17,17.98,9.17,22.99,3.94
1652,2017-10-23,8455.311,0.0001,40.01,2.56,14.06,7.52,5.85,7.82,26.5,10.49,7.12,24.08,10.08,33.96,15.05,28.99,24.67,39.44,14.06,17.09,9.05,18.82,29.89,12.26,32.42,16.13,10.16,29.5,17.44,9.21,24.69,3.9
1653,2017-10-24,8516.655,0.0001,40.44,2.61,13.99,7.65,5.92,7.88,26.62,10.8,7.06,25.32,10.19,34.14,15.17,29.26,24.67,39.91,13.99,17.09,8.97,19.03,30.31,12.16,32.48,16.38,10.13,29.68,17.57,9.38,24.53,3.96
1654,2017-10-25,8532.93,0.0001,40.48,2.63,13.9,7.71,5.91,8.15,26.8,10.86,7.08,25.04,10.15,34.07,15.1,29.29,24.67,41.75,13.9,17.09,9.16,18.92,30.28,12.25,32.29,16.99,10.23,29.79,17.4,9.4,24.67,3.97
1655,2017-10-26,8573.008,0.0001,40.0,2.65,14.22,7.86,5.89,8.32,26.55,10.64,7.13,25.31,10.34,33.55,15.32,29.3,24.67,40.98,14.22,16.8,9.45,18.97,30.38,12.31,32.44,16.58,10.61,29.74,17.34,9.12,25.19,3.87
1656,2017-10-27,8646.358,0.0001,39.89,2.68,13.85,7.7,5.87,8.23,28.1,10.64,7.35,25.09,10.22,34.19,14.88,29.47,24.67,41.49,13.85,16.53,9.43,18.63,29.78,12.4,32.8,16.72,10.83,30.19,17.13,9.17,24.93,3.72
1657,2017-10-30,8618.336,0.0001,43.19,2.61,13.12,7.71,5.99,8.27,27.79,10.77,7.65,25.25,10.09,34.38,14.22,30.97,24.67,40.18,13.12,16.91,9.72,18.01,29.28,11.82,33.51,16.97,10.82,30.36,17.01,9.15,24.64,3.7
1658,2017-10-31,8592.635,0.0001,43.75,2.6,13.44,7.67,5.97,8.2,27.1,10.89,7.64,25.44,9.83,33.67,14.52,31.4,24.67,39.84,13.44,16.92,9.65,18.2,29.51,11.82,34.57,17.3,10.79,29.55,17.39,9.1,25.47,3.69
1659,2017-11-01,8575.462,0.0001,42.41,2.63,13.5,7.85,6.11,8.18,26.9,10.77,7.8,24.73,9.91,33.32,14.5,32.88,24.67,39.99,13.5,17.5,9.13,18.45,29.65,11.63,34.13,16.83,10.9,28.52,17.07,8.91,25.24,3.68
1660,2017-11-02,8573.529,0.0001,42.64,2.59,13.27,7.88,6.12,7.84,27.01,10.83,7.65,24.73,9.61,33.08,14.32,32.94,24.67,40.79,13.27,17.64,9.22,18.07,30.17,11.67,33.94,16.87,11.37,28.77,16.78,8.94,24.9,3.7
1661,2017-11-03,8585.779,0.0001,42.94,2.54,12.58,7.87,6.15,7.86,27.06,10.66,7.46,24.84,9.32,33.16,13.8,33.08,24.67,43.0,12.58,17.73,9.26,17.9,30.28,11.47,33.45,16.98,11.13,29.4,16.81,8.84,24.36,3.7
1662,2017-11-06,8604.749,0.0001,44.33,2.61,13.04,8.11,6.2,7.8,26.61,10.38,7.57,24.88,9.16,34.75,14.14,32.52,24.67,44.77,13.04,17.84,10.03,18.04,29.99,11.7,33.95,18.12,11.17,30.68,16.72,8.83,25.55,3.68
1663,2017-11-07,8669.128,0.0001,43.1,2.67,13.08,8.22,6.29,7.89,27.03,10.44,7.97,24.67,9.23,34.61,14.31,32.65,24.67,43.35,13.08,17.62,10.18,18.37,30.18,11.74,35.08,17.97,11.06,30.28,16.83,8.86,25.13,3.73
1664,2017-11-08,8665.454,0.0001,42.76,2.68,13.28,8.22,6.22,8.04,27.09,10.48,7.86,24.64,9.26,34.61,14.39,32.39,24.67,42.82,13.28,17.46,10.0,18.54,30.2,11.76,34.47,18.07,11.08,29.83,16.79,8.88,26.53,3.72
1665,2017-11-09,8711.755,0.0001,43.18,2.66,13.16,8.29,6.23,8.09,27.07,10.63,8.19,25.66,9.36,34.12,14.39,32.79,24.67,43.91,13.16,18.81,10.32,18.74,30.21,11.66,34.79,18.96,11.08,29.79,16.86,8.92,26.85,3.73
1666,2017-11-10,8782.385,0.0001,44.18,2.65,13.31,8.34,6.09,8.51,27.07,10.44,8.25,26.35,9.15,34.25,14.31,34.03,24.67,43.81,13.31,20.5,10.32,18.83,29.99,11.52,35.56,19.2,11.67,30.85,16.6,8.84,28.73,3.7
1667,2017-11-13,8805.655999999999,0.0001,43.55,2.69,13.74,8.66,6.12,8.7,27.67,10.32,8.24,26.74,9.07,34.6,14.83,33.87,24.67,42.65,13.74,20.38,10.17,18.79,29.42,11.62,35.24,19.07,11.77,30.53,16.63,8.99,30.56,3.67
1668,2017-11-14,8757.07,0.0001,42.89,2.68,15.11,8.83,6.07,8.58,28.02,10.46,7.85,26.55,9.3,33.73,14.93,33.68,24.67,40.5,15.11,20.13,10.01,19.25,29.42,11.13,34.67,18.68,11.56,29.28,16.74,8.95,29.37,3.65
1669,2017-11-15,8718.461,0.0001,43.72,2.64,14.58,8.75,5.95,8.35,27.88,10.71,8.01,24.64,9.22,33.71,14.11,32.39,24.67,41.1,14.58,19.53,9.98,18.38,30.65,11.11,34.2,19.11,11.38,29.37,16.52,8.91,28.2,3.66
1670,2017-11-16,8771.42,0.0001,43.5,2.61,15.11,8.63,5.92,8.42,28.1,11.43,7.95,24.3,9.17,34.2,13.96,33.52,24.67,41.95,15.11,20.52,9.99,18.08,30.57,11.02,34.69,19.18,11.37,30.6,16.41,8.79,28.71,3.6
1671,2017-11-17,8882.914,0.0001,45.05,2.54,14.33,8.84,6.0,8.7,29.38,11.73,7.97,25.06,9.24,34.42,13.14,34.53,24.67,41.19,14.33,20.68,9.59,17.4,31.04,10.71,32.77,19.26,10.92,31.51,16.08,9.03,26.84,3.69
1672,2017-11-20,8900.188,0.0001,45.72,2.57,13.95,8.67,6.0,8.86,30.53,11.74,8.11,24.6,9.22,34.67,13.29,34.08,24.67,42.18,13.95,21.1,9.8,17.59,30.83,10.85,33.19,19.05,10.83,31.2,16.05,9.03,28.42,3.71
1673,2017-11-21,9013.985,0.0001,45.23,2.56,13.41,8.93,6.0,8.99,30.36,12.02,8.23,24.76,9.43,35.49,13.16,34.7,24.67,41.94,13.41,20.78,10.49,17.5,30.99,10.75,33.64,20.24,10.96,32.26,16.12,9.29,29.12,3.68
1674,2017-11-22,9071.213,0.0001,45.87,2.59,13.3,9.09,6.22,8.7,30.9,12.05,8.18,24.4,9.5,35.27,13.49,33.63,24.67,40.64,13.3,20.84,10.27,17.63,31.55,10.88,33.35,20.0,11.02,31.95,16.16,9.38,27.91,3.73
1675,2017-11-23,8843.587,0.0001,43.66,2.54,14.43,8.88,6.17,8.53,30.0,11.86,8.19,23.66,9.2,33.75,13.22,32.71,24.67,38.35,14.43,19.68,9.75,17.08,31.44,10.66,32.25,18.65,10.38,30.6,15.87,9.11,25.67,3.79
1676,2017-11-24,8844.697,0.0001,43.68,2.57,15.4,8.9,6.18,8.44,30.09,11.94,7.78,23.7,9.22,33.26,13.99,32.36,24.67,38.41,15.4,19.73,9.76,17.08,31.16,10.59,32.02,18.66,10.48,30.0,15.81,9.02,25.86,3.83
1677,2017-11-27,8774.545,0.0001,42.7,2.53,15.26,8.91,6.18,8.28,29.88,11.96,7.12,23.74,9.23,33.32,13.77,32.44,24.67,37.34,15.26,19.76,9.06,16.79,31.23,10.67,31.17,18.31,10.46,29.97,15.69,9.02,24.58,3.84
1678,2017-11-28,8762.507,0.0001,43.09,2.58,15.8,9.12,6.02,8.45,29.19,11.68,7.17,23.52,9.1,33.37,14.17,31.99,24.67,38.08,15.8,19.85,9.36,17.21,31.12,10.87,31.21,18.35,10.57,29.72,15.77,8.9,25.01,3.84
1679,2017-11-29,8758.323,0.0001,42.11,2.64,16.09,9.42,6.04,9.12,29.56,12.85,7.06,23.79,9.12,32.38,14.49,31.34,24.67,37.75,16.09,18.97,9.29,17.1,31.38,10.83,30.89,17.57,10.7,28.73,15.84,8.88,24.68,3.95
1680,2017-11-30,8673.716,0.0001,41.76,2.6,15.46,9.38,6.03,9.01,28.99,12.6,6.96,23.79,9.08,32.28,14.19,30.98,24.67,36.66,15.46,18.96,9.07,16.89,30.13,10.8,30.68,17.29,10.51,28.68,15.81,8.85,24.07,3.95
1681,2017-12-01,8641.774,0.0001,42.06,2.62,15.93,9.11,6.02,9.07,28.61,12.75,7.04,23.78,9.09,32.39,14.15,30.89,24.67,38.25,15.93,19.07,8.97,17.08,29.92,10.92,30.78,17.33,10.64,28.75,15.88,8.86,24.95,3.94
1682,2017-12-04,8682.878,0.0001,42.17,2.65,16.48,9.0,6.03,9.01,28.72,12.82,7.12,23.38,9.03,32.44,14.1,31.46,24.67,39.59,16.48,18.92,9.22,16.96,29.42,10.78,31.25,17.65,10.61,29.6,15.56,8.87,26.15,3.94
1683,2017-12-05,8772.183,0.0001,43.44,2.55,16.48,9.0,6.13,9.0,29.49,12.8,7.05,23.71,9.16,33.11,13.3,32.19,24.67,38.73,16.48,19.37,9.04,16.4,30.07,10.56,30.9,17.99,10.24,30.16,15.11,9.07,25.09,4.01
1684,2017-12-06,8689.419,0.0001,41.97,2.55,16.69,8.5,6.09,9.08,28.93,12.7,7.01,23.59,9.08,33.12,13.39,31.78,24.67,38.75,16.69,19.43,9.0,16.36,29.79,10.9,31.21,17.74,10.43,29.49,15.06,9.05,25.75,3.9
1685,2017-12-07,8616.993,0.0001,41.97,2.52,15.73,8.26,6.07,8.88,28.25,12.84,6.93,22.82,9.03,32.81,13.22,31.46,24.67,39.54,15.73,18.88,8.89,16.36,30.09,10.91,31.2,17.36,10.51,28.91,15.04,8.97,25.3,3.9
1686,2017-12-08,8661.085,0.0001,41.99,2.55,16.8,8.4,6.03,8.63,28.52,12.74,6.98,22.41,9.05,32.72,13.41,31.8,24.67,41.09,16.8,18.64,9.78,16.56,29.75,11.14,31.61,17.83,10.55,29.4,15.01,8.97,23.5,3.86
1687,2017-12-11,8770.767,0.0001,43.21,2.61,16.98,8.52,6.03,8.78,28.93,12.91,7.07,23.35,9.05,33.03,13.56,32.15,24.67,43.01,16.98,19.27,9.78,17.19,29.85,11.19,32.15,18.41,10.58,30.81,15.17,8.92,24.55,3.87
1688,2017-12-12,8639.860999999999,0.0001,42.49,2.59,16.33,8.36,6.04,8.55,28.35,12.56,6.95,23.34,8.98,32.43,13.4,30.97,24.67,42.88,16.33,18.92,9.78,16.85,29.9,11.02,31.99,17.96,10.4,30.55,15.02,8.87,24.33,3.85
1689,2017-12-13,8702.752,0.0001,43.99,2.59,16.22,8.47,6.03,8.47,28.6,12.59,6.99,24.03,8.93,32.58,13.47,31.06,24.67,43.43,16.22,19.46,9.78,16.92,29.97,11.15,34.38,18.82,10.6,31.7,15.09,8.88,24.31,3.88
1690,2017-12-14,8647.591,0.0001,43.49,2.57,15.64,8.47,5.96,8.52,28.63,12.67,6.96,23.99,8.73,32.28,13.22,30.14,24.67,44.13,15.64,18.57,9.78,17.11,30.24,11.3,35.22,18.83,10.77,31.9,15.07,8.86,24.27,3.93
1691,2017-12-15,8558.851999999999,0.0001,43.63,2.54,14.42,8.22,5.93,8.45,28.06,12.15,6.83,23.59,8.47,32.17,13.19,30.33,24.67,42.99,14.42,18.5,9.78,16.95,30.77,11.33,35.71,18.52,10.69,31.54,15.05,8.78,24.08,3.98
1692,2017-12-18,8573.634,0.0001,43.96,2.54,14.68,8.4,5.94,8.52,28.33,12.13,6.71,23.59,8.34,32.12,13.39,30.6,24.67,42.99,14.68,18.42,10.33,16.9,30.69,11.23,35.6,18.89,10.76,31.83,15.0,8.79,23.55,3.99
1693,2017-12-19,8682.643,0.0001,44.38,2.55,14.4,8.5,5.96,8.52,29.36,12.38,6.77,23.33,8.35,32.33,13.39,31.48,24.67,44.63,14.4,18.47,10.21,17.15,30.37,11.24,35.6,19.04,10.86,31.96,15.0,8.79,24.3,3.99
1694,2017-12-20,8680.623,0.0001,44.78,2.51,13.8,8.24,5.97,8.22,29.47,12.09,6.59,23.4,8.16,32.44,13.04,31.69,24.67,43.81,13.8,18.32,10.95,16.79,29.88,11.3,36.55,19.25,10.74,33.13,14.61,8.81,24.16,3.99
1695,2017-12-21,8728.09,0.0001,45.27,2.52,14.77,8.41,5.97,8.35,29.64,13.03,6.68,23.22,8.16,32.63,13.18,31.99,24.67,46.9,14.77,18.72,10.8,16.79,29.82,11.13,36.0,19.42,10.66,33.29,14.49,8.82,24.77,4.05
1696,2017-12-22,8695.617,0.0001,44.23,2.51,14.58,8.43,6.03,8.32,29.29,13.08,6.63,23.25,8.33,32.21,13.44,31.77,24.67,46.7,14.58,18.59,10.6,16.8,29.87,10.99,38.79,19.29,10.95,33.16,14.48,8.9,27.0,4.16
1697,2017-12-25,8677.811,0.0001,44.32,2.41,14.05,8.33,6.03,8.46,29.29,13.55,6.52,23.12,8.23,32.27,13.49,31.18,24.67,46.69,14.05,17.89,10.63,16.39,30.46,11.15,40.78,19.4,10.95,33.06,14.13,8.89,26.67,4.18
1698,2017-12-26,8718.655,0.0001,44.99,2.42,14.14,8.35,6.06,9.08,29.71,13.85,6.61,23.58,8.29,32.34,13.71,31.52,24.67,44.86,14.14,18.08,10.34,16.58,30.29,10.83,41.0,19.09,11.21,32.38,14.29,8.98,26.14,4.18
1699,2017-12-27,8573.503,0.0001,44.12,2.43,14.22,8.37,6.1,8.92,28.76,13.65,6.51,23.99,8.22,31.99,13.89,30.66,24.67,43.65,14.22,17.78,10.05,16.43,30.28,10.71,39.81,18.49,10.98,31.67,14.42,9.02,25.76,4.26
1700,2017-12-28,8632.493,0.0001,44.09,2.47,14.63,8.65,6.18,9.08,28.63,13.71,6.41,23.97,8.17,31.92,14.81,30.65,24.67,44.96,14.63,17.86,10.08,16.42,31.04,10.75,39.75,18.65,11.23,32.08,14.31,9.03,25.26,4.69
1701,2017-12-29,8647.029,0.0001,45.01,2.46,14.47,8.64,6.13,9.07,29.02,14.15,6.33,24.07,8.2,32.24,14.59,30.45,24.67,44.5,14.47,18.28,10.1,16.55,31.18,10.78,39.33,18.84,11.23,32.19,14.3,9.07,26.15,4.59
1702,2018-01-02,8773.395,0.0001,44.4,2.5,14.68,8.96,6.37,9.48,29.62,14.62,6.44,24.18,8.47,32.47,14.81,30.49,24.67,43.74,14.68,18.35,10.08,16.73,31.56,10.77,39.64,18.99,11.33,31.95,14.54,9.13,26.59,4.61
1703,2018-01-03,8818.57,0.0001,44.05,2.51,14.7,8.93,6.47,9.47,29.97,14.44,6.7,25.36,8.53,32.6,14.77,30.28,24.67,43.98,14.7,18.6,10.22,16.91,31.63,10.87,39.39,18.73,11.19,32.61,14.67,9.29,27.33,4.63
1704,2018-01-04,8847.056,0.0001,44.1,2.5,15.31,8.94,6.9,9.44,29.65,14.51,6.68,24.98,8.47,32.52,14.95,30.07,24.67,44.88,15.31,18.47,10.27,16.8,31.57,10.84,39.85,19.04,11.16,33.42,15.11,9.26,27.36,4.69
1705,2018-01-05,8872.131,0.0001,44.15,2.5,15.63,8.87,7.06,9.59,30.1,15.29,6.73,24.39,8.81,33.13,14.63,29.74,24.67,42.89,15.63,18.14,10.13,16.81,31.96,10.98,43.84,18.98,11.26,33.43,14.95,9.41,26.73,4.63
1706,2018-01-08,8927.398000000001,0.0001,43.03,2.54,15.92,9.29,7.05,9.88,29.47,15.62,6.83,24.23,8.83,33.43,15.09,29.65,24.67,43.0,15.92,17.97,10.2,16.7,32.38,11.0,42.02,19.83,11.4,33.56,15.01,9.77,26.3,4.85
1707,2018-01-09,8978.821,0.0001,43.76,2.55,15.6,9.1,7.0,9.75,29.77,15.7,6.79,23.96,8.75,33.48,15.3,30.25,24.67,44.32,15.6,18.01,10.44,16.76,31.89,10.82,42.57,20.22,11.16,34.59,15.11,9.86,26.26,4.81
1708,2018-01-10,9019.36,0.0001,43.8,2.52,15.39,9.05,7.15,9.75,30.53,15.86,6.68,23.6,8.73,33.3,15.2,30.12,24.67,43.73,15.39,17.8,10.52,17.1,31.25,11.16,42.81,20.75,11.13,34.62,14.98,9.87,25.19,4.82
1709,2018-01-11,9014.931999999999,0.0001,43.44,2.49,15.4,8.83,7.08,9.38,30.92,15.78,6.73,23.28,8.7,33.47,15.1,30.29,24.67,43.82,15.4,18.11,10.5,17.51,31.58,11.28,42.53,20.96,11.16,34.23,14.92,9.78,24.99,4.72
1710,2018-01-12,9054.904,0.0001,43.94,2.5,14.93,9.09,7.15,9.34,31.51,15.7,6.63,23.78,8.55,33.18,14.83,30.39,24.67,45.46,14.93,17.52,10.29,17.03,32.59,11.31,42.22,21.5,11.29,34.82,15.08,9.75,25.17,4.64
1711,2018-01-15,9066.103000000001,0.0001,45.65,2.44,13.93,8.82,7.29,9.21,31.94,16.6,6.41,23.45,8.29,32.48,14.01,31.44,24.67,44.94,13.93,16.73,10.09,16.03,32.99,10.82,42.8,22.05,10.7,34.39,14.57,9.65,24.38,4.71
1712,2018-01-16,9127.085,0.0001,45.96,2.45,14.11,8.87,7.11,9.6,31.89,17.68,6.47,23.04,8.43,33.5,14.13,31.35,24.67,46.13,14.11,16.7,10.64,16.11,33.25,11.9,44.23,21.87,10.82,34.54,14.99,9.66,24.51,4.7
1713,2018-01-17,9142.042,0.0001,45.38,2.46,14.16,8.95,7.03,9.36,31.69,17.93,6.81,22.69,8.91,33.85,13.89,31.83,24.67,44.91,14.16,16.75,10.93,15.79,33.12,12.01,43.19,21.59,10.79,34.59,15.02,9.67,24.3,4.46
1714,2018-01-18,9208.427,0.0001,45.0,2.49,14.37,9.22,7.0,9.59,32.32,17.57,6.85,22.61,9.16,34.12,14.18,31.59,24.67,43.74,14.37,17.11,10.83,15.71,32.17,11.81,43.08,21.54,10.79,34.25,14.9,9.65,25.41,4.48
1715,2018-01-19,9252.559000000001,0.0001,44.61,2.47,14.16,9.31,7.04,9.48,32.46,17.29,6.89,22.81,9.2,33.91,14.23,31.16,24.67,43.36,14.16,17.61,10.85,15.79,32.52,11.64,41.65,21.15,10.82,33.61,14.89,9.91,25.05,4.51
1716,2018-01-22,9315.701,0.0001,44.91,2.5,14.41,9.32,6.91,9.45,33.08,17.53,6.85,23.36,9.2,34.53,14.45,30.94,24.67,44.52,14.41,17.67,11.55,15.85,32.19,11.74,41.49,22.87,10.97,34.99,14.77,10.12,25.24,4.56
1717,2018-01-23,9430.864,0.0001,47.02,2.49,14.28,9.24,7.04,9.7,34.05,17.75,6.96,23.32,9.18,34.68,14.69,31.13,24.67,44.15,14.28,17.81,11.57,15.75,32.72,12.11,41.0,22.5,11.02,35.46,14.74,10.12,25.02,4.61
1718,2018-01-24,9453.186,0.0001,47.09,2.49,14.08,9.3,7.32,9.63,33.85,17.84,6.95,23.08,9.22,34.65,14.5,30.93,24.67,44.76,14.08,17.87,11.57,15.73,32.87,11.93,41.07,22.04,11.14,35.05,14.71,10.12,25.0,4.52
1719,2018-01-25,9404.364,0.0001,46.67,2.55,14.15,9.74,7.25,9.8,33.41,17.1,7.27,22.7,9.26,34.2,14.52,30.29,24.67,43.36,14.15,17.97,11.52,15.72,33.82,11.93,40.8,21.47,11.24,34.4,14.52,10.01,25.37,4.9
1720,2018-01-26,9451.741,0.0001,46.88,2.52,13.86,9.71,7.38,9.86,33.47,17.19,7.25,22.82,9.74,35.07,14.22,31.16,24.67,43.07,13.86,17.67,11.41,15.66,33.12,12.28,41.08,21.76,11.17,34.64,14.51,10.22,24.97,4.88
1721,2018-01-29,9302.247,0.0001,45.68,2.54,13.96,10.01,7.44,9.39,32.98,16.98,7.14,22.2,9.8,33.91,14.22,30.32,24.67,40.18,13.96,17.78,11.2,14.84,32.38,12.39,39.26,20.79,11.08,33.47,14.2,10.07,23.64,5.04
1722,2018-01-30,9207.151,0.0001,46.13,2.52,13.86,9.77,7.21,9.15,32.57,16.52,6.91,22.02,9.47,33.91,14.14,30.0,24.67,40.19,13.86,18.06,11.29,14.01,31.52,12.24,38.94,20.62,11.45,33.33,14.24,10.06,25.45,4.94
1723,2018-01-31,9269.753,0.0001,46.89,2.48,13.17,9.98,7.08,9.19,33.94,17.23,6.98,21.92,9.51,33.9,13.44,30.26,24.67,40.59,13.17,16.93,11.47,13.43,31.78,11.81,39.89,21.2,11.52,34.1,14.21,9.65,24.8,5.13
1724,2018-02-01,9265.131,0.0001,47.68,2.44,12.74,10.28,7.16,9.27,34.45,17.58,6.7,22.28,9.1,33.63,12.92,31.0,24.67,39.39,12.74,17.14,10.83,12.12,30.21,11.62,38.3,21.43,10.9,34.62,13.43,9.75,25.09,5.08
1725,2018-02-02,9304.591,0.0001,48.78,2.5,12.87,11.1,7.54,9.28,34.5,18.42,6.84,22.4,9.36,33.55,13.27,31.5,24.67,40.64,12.87,16.97,10.94,12.08,30.56,11.38,40.16,21.17,10.9,34.68,13.18,9.74,25.15,5.38
1726,2018-02-05,9363.419,0.0001,48.6,2.52,12.86,11.23,7.63,9.49,34.89,18.69,6.9,22.0,9.49,32.75,13.17,31.95,24.67,40.18,12.86,16.38,10.84,12.0,30.05,11.6,39.63,20.48,10.9,33.02,12.88,9.92,25.35,5.41
1727,2018-02-06,9120.755,0.0001,47.99,2.43,11.85,11.07,7.41,9.24,34.62,18.03,6.51,21.97,9.4,32.75,12.14,31.04,24.67,37.97,11.85,16.38,10.04,11.31,30.65,10.57,38.02,20.19,10.9,33.01,11.7,9.87,24.44,5.3
1728,2018-02-07,8908.735,0.0001,47.71,2.43,12.1,10.65,7.15,8.85,32.39,16.34,6.52,22.05,9.43,32.56,12.18,30.38,24.67,36.75,12.1,16.28,9.86,11.69,30.12,10.65,37.41,19.22,10.9,31.52,11.42,9.78,24.68,5.12
1729,2018-02-08,8736.198,0.0001,46.01,2.42,12.17,10.14,6.72,8.75,31.28,15.67,6.53,22.85,9.17,32.67,12.52,28.75,24.67,37.38,12.17,16.26,10.03,11.86,27.26,10.78,37.48,19.25,10.9,31.51,11.53,9.37,23.98,4.69
1730,2018-02-09,8347.692,0.0001,44.22,2.28,11.24,10.0,6.38,8.28,30.71,14.19,6.01,22.88,8.35,31.94,11.81,26.97,24.67,34.87,11.24,15.44,9.66,11.31,25.55,10.0,35.74,18.84,9.81,31.25,11.18,9.14,22.98,4.37
1731,2018-02-12,8383.905999999999,0.0001,43.43,2.3,11.46,9.99,6.3,8.25,30.05,14.5,6.13,23.78,8.45,31.98,12.14,26.45,24.67,37.44,11.46,15.61,9.96,11.76,25.67,10.12,36.75,19.38,9.63,31.65,11.33,9.07,23.01,4.39
1732,2018-02-13,8492.677,0.0001,43.77,2.31,12.11,9.99,6.34,8.34,30.91,15.11,6.11,23.77,8.46,32.11,12.14,26.54,24.67,38.41,12.11,15.55,10.08,12.06,25.89,10.04,37.32,19.25,9.66,32.3,11.43,9.21,23.88,4.42
1733,2018-02-14,8549.614,0.0001,43.82,2.32,11.98,10.28,6.31,8.33,31.37,15.2,6.13,23.95,8.39,31.99,12.17,26.23,24.67,39.91,11.98,15.8,10.48,11.93,26.59,9.97,37.82,19.81,9.66,32.25,11.48,9.1,24.07,4.59
1734,2018-02-22,8726.987,0.0001,46.63,2.36,12.25,10.42,6.48,8.63,31.5,15.43,6.25,24.0,8.68,32.72,12.84,27.14,24.67,40.37,12.25,16.2,10.76,12.13,26.41,10.3,38.43,20.41,9.47,34.25,11.69,9.32,23.98,4.77
1735,2018-02-23,8789.261999999999,0.0001,46.86,2.35,12.41,10.5,6.58,8.58,31.78,15.64,6.29,23.3,9.21,32.78,12.83,27.26,24.67,40.16,12.41,16.21,10.6,12.23,26.18,10.62,38.63,20.54,9.4,33.99,12.05,9.38,23.71,4.82
1736,2018-02-26,8863.957,0.0001,49.69,2.37,12.58,10.62,6.63,8.77,31.51,15.09,6.51,23.58,9.33,32.89,13.0,27.75,24.67,40.96,12.58,16.5,10.7,12.62,26.62,10.75,39.03,20.65,9.57,34.18,12.37,9.48,24.29,4.89
1737,2018-02-27,8737.107,0.0001,49.68,2.35,12.26,10.14,6.56,8.52,30.87,14.51,6.45,23.57,9.5,32.8,12.75,27.42,24.67,39.41,12.26,16.5,10.39,12.76,26.3,10.83,38.13,19.79,9.51,33.69,12.19,9.45,23.59,4.7
1738,2018-02-28,8624.613000000001,0.0001,48.87,2.37,12.52,10.04,6.41,8.28,30.3,14.63,6.42,23.2,9.47,32.4,13.09,26.86,24.67,39.9,12.52,16.23,10.2,12.97,25.94,10.66,38.13,19.56,9.49,32.45,12.11,9.32,23.29,4.6
1739,2018-03-01,8668.98,0.0001,49.33,2.36,12.49,10.0,6.39,8.22,30.4,14.7,6.4,23.29,9.33,32.36,13.06,27.08,24.67,41.44,12.49,16.49,10.27,14.27,25.9,10.74,38.25,19.59,9.5,32.41,12.58,9.19,23.96,4.68
1740,2018-03-02,8597.535,0.0001,50.35,2.34,12.36,9.61,6.33,8.11,30.03,14.8,6.44,23.45,9.38,32.04,13.31,26.77,24.67,40.21,12.36,16.36,10.18,13.98,26.79,10.95,37.5,20.01,9.67,32.27,13.07,9.12,23.41,4.61
1741,2018-03-05,8598.408000000001,0.0001,50.22,2.32,12.12,9.51,6.39,8.12,30.15,14.86,6.38,23.52,9.3,32.15,13.33,26.92,24.67,39.94,12.12,16.51,10.25,14.25,26.72,10.78,36.96,20.03,9.66,32.38,13.86,9.16,23.18,4.61
1742,2018-03-06,8696.438,0.0001,49.16,2.34,12.76,9.64,6.47,8.41,30.04,15.55,6.31,23.78,9.57,32.67,13.65,27.51,24.67,42.02,12.76,16.55,10.53,14.0,26.79,10.85,37.43,19.7,9.75,31.99,13.69,9.19,23.64,4.59
1743,2018-03-07,8645.896,0.0001,49.22,2.32,12.51,9.42,6.44,8.37,30.77,15.41,6.19,24.02,9.5,32.67,13.37,27.52,24.67,41.11,12.51,16.57,10.29,13.89,26.92,10.74,36.99,19.7,9.61,30.94,13.16,9.08,23.77,4.54
1744,2018-03-08,8716.854,0.0001,49.64,2.33,12.51,9.38,6.45,8.44,30.92,15.54,6.22,24.01,9.58,33.6,13.52,27.56,24.67,43.06,12.51,16.59,10.21,13.86,27.28,10.61,37.39,20.42,9.8,31.5,13.19,8.99,24.12,4.82
1745,2018-03-09,8757.13,0.0001,50.83,2.33,12.49,9.1,6.39,8.5,31.15,15.25,6.3,24.18,9.47,33.64,13.5,27.45,24.67,43.43,12.49,16.85,10.31,14.29,27.12,10.75,38.91,20.55,9.9,31.09,13.33,9.0,23.96,4.77
1746,2018-03-12,8778.755,0.0001,50.09,2.34,12.89,9.21,6.45,8.54,30.84,14.57,6.36,24.18,9.42,33.66,13.71,27.41,24.67,43.85,12.89,17.18,10.68,14.57,27.18,10.84,40.91,20.46,9.92,30.9,13.75,9.07,26.36,4.81
1747,2018-03-13,8705.966,0.0001,50.54,2.31,12.7,9.23,6.37,8.32,30.73,14.53,6.26,24.18,9.3,33.31,13.38,26.99,24.67,42.91,12.7,17.09,10.48,15.7,27.09,10.76,40.78,20.5,9.76,31.33,13.44,9.04,26.36,4.77
1748,2018-03-14,8677.687,0.0001,49.84,2.32,12.88,9.53,6.42,8.25,30.39,14.57,6.19,23.68,9.11,32.89,13.8,26.81,24.67,42.99,12.88,16.94,10.5,14.78,27.24,10.58,40.83,20.31,9.76,31.39,13.32,9.0,26.11,4.88
1749,2018-03-15,8726.005,0.0001,50.0,2.3,13.22,9.54,6.42,8.33,30.52,14.59,6.23,23.69,9.16,33.09,13.88,27.1,24.67,43.47,13.22,16.62,10.94,14.86,26.73,10.63,41.22,20.79,9.63,32.04,13.26,9.05,25.75,4.84
1750,2018-03-16,8660.532,0.0001,49.34,2.29,12.95,9.41,6.42,8.27,30.13,14.61,6.17,23.54,9.12,33.5,13.51,26.94,24.67,42.61,12.95,16.7,10.67,14.4,26.75,10.51,40.26,20.33,9.61,30.98,14.59,8.96,25.39,4.72
1751,2018-03-19,8713.15,0.0001,50.14,2.27,12.71,9.12,6.59,8.27,30.71,14.07,6.16,23.28,8.99,34.1,13.32,27.22,24.67,44.56,12.71,16.6,10.71,14.44,26.66,10.4,40.49,20.38,9.51,30.65,14.27,8.82,25.76,4.58
1752,2018-03-20,8733.678,0.0001,49.99,2.27,12.61,9.17,6.83,8.27,30.99,13.93,6.14,23.39,8.88,34.31,13.19,26.98,24.67,46.99,12.61,16.75,10.55,14.38,27.02,10.36,40.26,19.99,9.51,30.87,14.24,8.84,26.32,4.57
1753,2018-03-21,8706.472,0.0001,49.99,2.26,12.25,9.16,6.85,8.21,31.26,14.01,6.13,22.88,8.84,33.95,12.9,26.89,22.2,46.05,12.25,16.92,10.37,14.23,28.18,10.34,39.68,19.6,9.45,30.47,14.06,8.85,25.56,4.62
1754,2018-03-22,8633.122,0.0001,50.79,2.26,12.06,9.05,6.84,8.17,31.23,13.62,6.07,22.9,8.75,33.83,12.95,26.7,19.98,44.79,12.06,16.93,10.26,14.57,27.52,11.22,39.43,19.03,9.38,28.72,13.97,8.73,25.39,4.57
1755,2018-03-23,8400.032,0.0001,50.78,2.15,10.85,8.68,6.83,8.15,30.31,13.31,5.67,22.43,8.4,33.39,12.07,26.7,17.98,44.59,10.85,16.93,9.86,14.81,29.14,12.04,38.04,18.65,8.8,28.3,12.89,8.67,24.56,4.54
1756,2018-03-26,8302.718,0.0001,50.03,2.17,10.88,8.33,6.64,7.95,29.11,13.04,5.63,23.02,8.51,34.03,12.79,26.04,17.12,46.46,10.88,16.8,9.91,15.82,29.01,11.29,40.21,18.18,8.72,27.3,13.23,8.63,25.33,4.52
1757,2018-03-27,8351.396999999999,0.0001,49.32,2.19,11.04,8.4,6.64,8.0,28.72,13.1,5.79,23.06,8.56,34.22,12.96,26.16,18.14,45.68,11.04,16.85,10.15,16.35,30.16,11.45,40.64,18.12,8.91,28.38,13.57,8.54,25.98,4.61
1758,2018-03-28,8205.261999999999,0.0001,49.25,2.17,10.66,8.35,6.43,7.78,28.7,13.08,5.68,22.46,8.44,33.79,12.72,25.49,17.31,43.04,10.66,16.69,9.96,15.92,29.51,10.96,39.16,17.18,8.85,26.93,13.16,8.29,25.73,4.49
1759,2018-03-29,8308.096,0.0001,47.65,2.19,11.04,8.64,6.62,7.89,29.31,13.76,5.78,22.53,8.66,33.68,12.96,25.73,17.33,42.04,11.04,16.74,9.96,15.89,28.84,11.03,39.99,17.88,9.02,27.98,13.38,8.3,25.33,4.4
1760,2018-03-30,8304.418,0.0001,48.84,2.18,11.09,8.52,6.48,7.86,29.09,13.47,5.77,22.36,8.77,34.66,13.01,25.41,19.06,44.49,11.09,16.81,9.84,16.31,29.04,11.06,40.43,17.62,9.02,28.49,13.47,8.28,26.33,4.35
1761,2018-04-02,8289.495,0.0001,49.3,2.19,11.09,8.56,6.43,8.16,29.01,13.64,5.7,21.67,8.76,34.09,13.07,25.41,19.72,44.36,11.09,16.66,10.11,17.02,30.87,11.56,40.83,17.28,9.04,27.96,14.01,8.2,25.98,4.42
1762,2018-04-03,8238.27,0.0001,47.99,2.17,10.87,8.37,6.38,8.14,28.81,13.53,5.65,21.33,8.56,35.58,12.73,25.06,20.13,44.75,10.87,16.96,9.91,16.69,31.07,11.61,42.07,17.31,9.08,28.51,14.04,8.1,26.25,4.34
1763,2018-04-04,8229.339,0.0001,47.86,2.18,10.84,8.23,6.43,8.05,28.76,13.69,5.58,21.9,8.46,37.41,12.74,25.02,20.45,44.92,10.84,16.79,9.9,16.32,31.63,12.77,42.49,17.66,9.04,29.75,13.7,8.08,26.01,4.35
1764,2018-04-09,8254.819,0.0001,47.25,2.18,10.87,8.56,6.59,8.17,28.84,13.46,5.57,21.9,8.44,37.16,13.48,25.25,19.88,44.21,10.87,16.5,9.68,16.89,31.03,12.46,41.98,17.36,9.06,28.6,13.91,8.09,26.09,4.28
1765,2018-04-10,8420.266,0.0001,48.24,2.18,11.16,8.88,6.77,8.34,30.29,14.29,5.67,22.13,8.71,37.36,13.46,25.75,19.3,45.08,11.16,16.5,9.64,17.44,30.41,11.83,43.09,17.99,9.14,28.64,14.19,8.19,26.75,4.39
1766,2018-04-11,8437.373,0.0001,48.1,2.18,11.13,8.78,6.89,8.59,30.49,14.54,5.66,22.15,8.63,37.5,13.63,25.59,19.57,42.82,11.13,16.82,9.49,17.04,31.99,11.95,43.74,17.84,9.28,29.43,14.05,8.24,27.03,4.52
1767,2018-04-12,8349.357,0.0001,48.06,2.18,10.87,8.72,6.94,8.65,29.93,14.39,5.59,22.41,8.53,37.53,13.27,25.34,19.27,42.94,10.87,17.0,9.23,16.56,32.05,11.68,43.61,17.78,9.13,28.91,13.78,8.1,27.28,4.47
1768,2018-04-13,8282.92,0.0001,47.29,2.18,11.62,8.75,6.83,8.51,29.54,14.02,5.59,22.36,8.52,36.73,13.07,24.97,19.38,40.8,11.62,17.27,9.25,16.66,31.17,11.51,42.54,17.6,9.13,28.37,13.59,8.07,27.06,4.37
1769,2018-04-16,8136.431,0.0001,45.86,2.18,11.1,8.5,6.71,8.33,28.11,13.24,5.47,22.42,8.36,37.11,12.94,24.11,17.77,40.22,11.1,16.99,9.3,17.6,31.22,11.73,43.71,17.33,9.0,28.01,13.12,7.93,27.5,4.33
1770,2018-04-17,8029.18,0.0001,44.55,2.18,11.24,8.45,6.62,8.24,27.69,13.15,5.29,22.11,8.26,36.99,12.88,24.25,17.85,38.33,11.24,16.61,8.96,16.89,31.54,12.33,42.73,17.06,8.87,27.81,12.8,7.87,26.98,4.21
1771,2018-04-18,8078.3769999999995,0.0001,44.37,2.18,11.05,8.74,6.85,8.36,28.14,13.46,5.21,21.24,8.34,35.43,13.04,24.39,17.43,37.71,11.05,16.72,8.79,18.58,30.88,11.99,41.9,16.74,9.0,28.09,12.95,7.88,28.19,4.14
1772,2018-04-19,8164.485,0.0001,45.09,2.18,11.15,9.12,6.9,8.29,28.24,13.44,5.21,21.65,8.31,35.06,13.45,24.54,17.24,38.67,11.15,16.93,8.95,19.62,31.2,12.07,42.93,17.09,8.9,28.95,13.48,8.0,29.0,4.27
1773,2018-04-20,8058.135,0.0001,45.41,2.13,10.65,9.09,6.83,8.3,28.21,13.4,5.07,21.28,8.03,35.06,12.94,24.2,17.1,38.67,10.65,16.92,8.98,21.38,30.67,11.84,41.76,17.08,8.78,27.82,13.11,7.94,28.17,4.21
1774,2018-04-23,8079.68,0.0001,45.27,2.09,10.39,9.13,6.83,8.45,28.29,13.54,5.58,21.54,8.14,33.4,12.75,24.52,17.1,39.07,10.39,16.9,8.93,21.79,28.46,10.79,42.74,17.38,8.71,28.26,12.85,8.07,28.36,4.12
1775,2018-04-24,8240.546999999999,0.0001,46.27,2.12,10.79,9.25,6.94,8.55,28.86,14.09,5.66,21.73,8.43,33.7,12.93,24.97,16.25,39.41,10.79,17.2,9.09,23.97,28.42,10.89,43.34,17.85,8.93,29.11,13.09,8.25,30.02,4.15
1776,2018-04-25,8200.533000000001,0.0001,46.96,2.11,10.71,9.21,6.75,8.64,28.82,13.85,5.74,21.09,8.35,34.32,12.88,24.68,15.44,38.95,10.71,17.28,9.15,26.37,28.24,10.83,43.19,17.7,8.99,29.75,13.32,8.23,29.37,4.14
1777,2018-04-26,8082.357,0.0001,47.0,2.1,10.49,9.19,6.75,8.64,28.8,13.59,5.68,20.59,8.18,34.33,12.45,24.33,14.67,37.56,10.49,17.28,8.93,26.37,28.23,10.64,40.92,17.38,8.88,29.2,13.15,8.2,29.07,4.12
1778,2018-04-27,8075.308000000001,0.0001,49.79,2.08,10.51,9.24,6.91,8.72,29.33,13.13,5.71,20.48,8.25,35.47,12.55,24.51,13.94,38.46,10.51,17.3,9.06,26.37,27.92,10.67,40.69,17.14,8.87,26.28,13.04,8.29,28.34,4.12
1779,2018-05-02,8084.062,0.0001,50.88,2.04,10.38,8.79,6.87,8.51,29.56,13.17,5.7,21.13,7.98,35.31,12.57,24.37,14.1,40.35,10.38,17.64,8.96,23.78,27.43,10.9,42.05,17.48,9.0,25.24,12.95,8.48,29.38,3.99
1780,2018-05-03,8136.896,0.0001,51.0,2.04,10.59,8.94,7.0,8.71,29.3,13.04,5.74,21.0,8.02,35.38,12.56,24.69,13.77,40.4,10.59,17.95,9.05,26.16,27.73,10.94,41.97,17.98,9.0,25.14,13.03,8.56,29.09,3.96
1781,2018-05-04,8096.473000000001,0.0001,51.17,2.02,10.45,9.0,7.01,8.53,28.74,13.03,5.85,20.74,7.94,36.14,12.66,24.35,13.83,41.67,10.45,18.04,9.01,23.57,28.28,11.37,42.95,17.7,8.99,24.83,12.94,8.72,29.17,3.96
1782,2018-05-07,8208.211,0.0001,51.58,2.03,10.65,9.05,7.18,8.64,28.93,13.51,5.87,20.89,8.02,37.16,12.87,24.8,13.7,41.71,10.65,18.49,9.07,23.78,28.37,11.3,47.25,18.23,9.09,25.97,13.13,8.77,30.06,3.99
1783,2018-05-08,8303.836,0.0001,51.9,2.03,10.82,9.07,7.07,8.75,29.68,13.81,5.96,21.12,8.05,38.2,12.94,25.45,13.87,41.49,10.82,18.31,9.39,23.77,28.8,11.36,48.74,18.38,9.11,26.3,13.19,8.74,30.11,4.08
1784,2018-05-09,8290.026,0.0001,52.99,2.02,10.95,8.9,7.19,8.78,29.75,13.89,5.86,21.0,7.97,38.43,12.85,25.31,13.77,42.74,10.95,18.48,9.26,23.07,28.47,11.09,49.01,18.16,9.09,26.23,13.41,8.65,30.27,4.07
1785,2018-05-10,8335.839,0.0001,55.01,2.02,10.91,8.93,7.27,8.72,29.84,13.9,5.81,21.7,8.1,38.83,12.8,25.42,13.83,43.35,10.91,18.81,9.31,23.33,28.47,11.19,49.13,18.2,9.1,26.38,13.38,8.79,29.57,4.1
1786,2018-05-11,8303.718,0.0001,52.59,2.02,10.94,9.01,7.25,8.53,30.08,13.7,5.68,21.76,8.02,38.31,12.95,25.15,13.84,41.8,10.94,18.38,9.24,22.27,28.74,11.05,48.99,17.95,9.01,25.91,13.41,8.82,28.83,4.12
1787,2018-05-14,8376.473,0.0001,52.9,2.01,11.19,9.14,7.14,8.54,30.82,13.72,5.75,21.96,7.95,37.92,13.02,25.35,13.42,42.12,11.19,18.42,9.27,22.29,28.05,10.82,49.5,18.5,9.01,27.04,13.63,8.7,29.95,4.1
1788,2018-05-15,8402.578000000001,0.0001,53.47,2.02,11.23,8.98,7.16,8.82,30.56,13.96,5.9,21.92,8.06,40.71,12.99,25.35,13.2,43.57,11.23,18.08,9.26,22.67,27.86,10.87,51.51,18.79,9.1,27.07,13.58,8.69,30.4,4.06
1789,2018-05-16,8325.91,0.0001,53.86,2.01,11.48,8.86,7.1,8.73,29.97,13.65,5.8,21.71,8.0,40.78,12.69,24.88,13.05,43.97,11.48,18.32,9.36,22.31,27.23,10.94,52.13,18.79,9.01,27.57,13.6,8.6,29.83,3.96
1790,2018-05-17,8266.037,0.0001,52.35,2.01,11.32,8.71,7.11,8.66,29.8,13.6,5.76,21.45,8.02,39.91,12.66,25.04,13.0,42.81,11.32,18.03,9.13,22.45,27.05,10.82,51.39,18.19,8.98,27.25,13.37,8.54,29.28,3.92
1791,2018-05-18,8367.664,0.0001,53.99,2.01,11.4,8.78,7.43,8.72,30.46,13.88,5.82,21.13,8.11,40.82,12.73,25.38,13.18,42.95,11.4,18.07,8.99,21.28,27.32,10.92,51.86,18.38,9.06,27.48,13.36,8.64,28.28,3.97
1792,2018-05-21,8402.905,0.0001,53.14,2.06,11.43,8.78,7.27,8.68,30.27,13.75,6.0,22.16,8.16,40.41,12.8,25.38,13.62,43.59,11.43,18.21,9.16,21.56,27.24,10.78,52.42,18.57,9.18,27.29,13.54,8.7,28.24,4.0
1793,2018-05-22,8368.479,0.0001,52.95,2.06,11.32,8.63,7.27,8.59,29.82,13.2,5.99,21.98,8.13,40.8,12.74,25.2,13.48,44.21,11.32,17.75,9.4,21.73,27.35,10.67,52.51,18.39,9.28,27.28,13.63,8.71,28.09,3.95
1794,2018-05-23,8251.025,0.0001,52.48,2.02,10.98,8.45,7.01,8.41,29.61,12.86,5.9,21.87,8.0,40.33,12.42,24.75,13.94,44.04,10.98,17.75,9.31,23.52,27.14,10.47,51.32,18.02,9.19,26.29,13.43,8.46,28.3,3.93
1795,2018-05-24,8197.894,0.0001,52.49,2.01,10.85,8.46,7.0,8.23,29.1,12.7,5.91,21.72,7.97,39.92,12.39,24.88,14.0,44.16,10.85,17.35,9.4,23.16,27.38,10.3,50.5,17.99,9.13,25.95,13.21,8.44,27.36,3.89
1796,2018-05-25,8192.905,0.0001,52.48,2.01,10.56,8.46,6.96,8.27,29.21,12.74,5.72,21.57,7.96,41.11,12.15,24.92,13.65,46.82,10.56,17.41,9.45,21.96,27.56,10.33,52.4,18.33,9.07,26.0,13.11,8.38,26.46,3.88
1797,2018-05-28,8213.88,0.0001,52.19,1.81,10.46,8.42,6.92,8.3,28.8,12.6,5.7,21.88,7.95,42.47,12.05,25.02,13.09,47.89,10.46,17.14,9.35,20.54,26.66,10.35,56.39,18.73,8.94,26.82,12.96,8.43,28.04,3.81
1798,2018-05-29,8169.5830000000005,0.0001,53.86,1.76,10.58,8.57,6.95,8.36,28.94,12.43,5.56,21.65,7.84,40.0,11.98,25.13,12.99,45.06,10.58,17.23,9.47,20.14,26.84,10.45,53.85,18.83,8.9,27.58,13.01,8.4,27.67,3.82
1799,2018-05-30,7992.606,0.0001,52.39,1.68,10.05,8.25,6.83,8.02,28.3,12.04,5.33,21.36,7.66,39.28,11.87,24.32,12.44,44.39,10.05,16.85,9.28,20.27,28.59,10.61,53.22,18.83,8.55,28.22,12.64,8.29,27.24,3.84
1800,2018-05-31,8148.455,0.0001,53.87,1.71,10.17,8.42,7.05,8.09,28.78,12.34,5.43,21.98,7.65,40.52,12.09,24.56,12.49,46.29,10.17,17.07,9.63,20.49,28.35,10.57,52.97,20.1,8.6,31.03,12.88,8.4,27.44,3.75
1801,2018-06-01,8092.934,0.0001,52.7,1.69,10.13,8.53,7.0,8.12,28.6,12.59,5.43,22.09,7.29,38.71,12.07,24.52,12.44,43.46,10.13,16.57,9.46,19.64,28.0,10.47,50.46,19.65,8.57,30.21,12.88,8.44,26.02,3.68
1802,2018-06-04,8183.3730000000005,0.0001,54.97,1.68,10.09,8.77,7.05,8.16,29.25,13.28,5.48,22.33,7.36,38.41,11.95,24.96,12.27,43.81,10.09,16.44,9.3,19.85,27.31,10.31,50.73,20.28,8.42,31.0,12.76,8.6,23.42,3.66
1803,2018-06-05,8244.529,0.0001,54.92,1.68,10.25,8.78,6.58,8.18,29.26,13.39,5.51,22.31,7.42,39.47,12.02,25.14,12.44,45.5,10.25,16.85,9.12,20.62,27.56,10.41,51.25,20.47,8.54,31.63,12.88,8.67,22.99,3.72
1804,2018-06-06,8232.155,0.0001,57.11,1.68,10.27,8.9,6.52,8.23,28.8,13.28,5.47,22.2,7.4,39.35,12.01,24.85,12.47,45.75,10.27,17.11,9.06,20.14,28.08,10.42,51.01,20.69,8.55,31.26,12.85,8.67,23.68,3.96
1805,2018-06-07,8225.749,0.0001,56.92,1.7,10.15,9.19,6.52,8.2,28.9,13.8,5.47,22.21,7.36,38.3,11.95,25.19,12.43,44.43,10.15,17.23,8.89,20.57,28.17,10.21,49.92,20.31,8.48,30.77,13.07,8.74,24.09,3.96
1806,2018-06-08,8103.955,0.0001,57.29,1.69,9.78,8.71,6.5,8.16,28.2,13.06,5.34,22.28,7.16,38.42,11.71,24.48,12.0,44.44,9.78,17.22,8.63,20.67,27.57,9.96,49.19,20.36,8.27,30.7,13.15,8.64,23.69,3.9
1807,2018-06-11,8103.983,0.0001,55.87,1.7,9.78,8.82,6.34,8.24,28.63,13.61,5.34,21.86,7.08,37.41,11.75,24.27,11.69,42.89,9.78,17.08,8.4,20.06,28.03,9.99,47.89,20.36,8.31,30.87,12.95,8.84,23.84,4.02
1808,2018-06-12,8186.031,0.0001,59.34,1.7,9.7,8.93,6.43,8.71,28.74,13.63,5.48,22.25,7.11,38.33,11.91,24.44,11.68,44.55,9.7,17.06,8.48,20.29,27.89,10.17,48.73,20.68,8.46,31.83,12.87,9.06,24.29,4.05
1809,2018-06-13,8124.968000000001,0.0001,59.97,1.69,9.58,8.92,6.49,8.68,28.71,13.69,5.34,21.78,7.01,38.2,11.9,24.48,11.21,43.52,9.58,17.06,8.48,19.85,27.88,10.19,47.6,20.67,8.29,31.34,12.55,9.06,23.59,4.0
1810,2018-06-14,8117.113,0.0001,59.53,1.71,9.79,8.91,6.46,8.62,28.57,13.65,5.37,21.46,6.93,37.64,12.26,24.57,11.2,43.51,9.79,17.06,8.25,19.92,28.17,10.4,48.56,20.37,8.43,30.51,12.62,9.13,23.67,3.95
1811,2018-06-15,8089.767,0.0001,59.13,1.7,9.45,8.97,6.49,8.63,28.94,13.99,5.35,21.32,7.24,36.69,12.18,24.68,10.66,43.18,9.45,17.05,8.35,18.51,26.93,10.5,46.48,20.63,8.28,29.63,12.3,9.14,22.62,3.96
1812,2018-06-19,7847.555,0.0001,58.29,1.53,8.51,8.58,6.45,8.62,28.99,13.49,4.98,21.03,7.18,36.81,11.47,24.94,10.13,43.28,8.51,17.15,8.04,17.82,25.14,10.28,44.3,20.02,7.54,28.21,11.28,8.95,22.05,3.97
1813,2018-06-20,7855.628000000001,0.0001,56.36,1.51,8.53,8.66,6.4,8.41,28.51,14.15,4.99,21.01,7.69,37.33,11.37,24.45,9.68,42.97,8.53,16.71,8.03,18.06,24.75,9.88,45.47,20.2,7.59,29.01,11.34,8.95,22.63,3.85
1814,2018-06-21,7786.445,0.0001,57.03,1.61,8.88,8.69,6.41,8.62,28.65,14.18,4.85,20.68,7.6,37.2,11.37,23.13,9.35,42.8,8.88,16.51,7.85,16.34,23.96,9.37,44.97,20.38,7.12,29.34,11.11,9.19,22.34,3.78
1815,2018-06-22,7811.225,0.0001,56.58,1.6,9.02,8.69,6.27,8.97,28.62,14.07,4.9,20.5,7.65,37.32,11.43,22.83,9.5,43.89,9.02,16.3,8.05,16.54,24.38,9.2,45.98,20.35,7.24,29.66,11.26,9.22,22.28,3.8
1816,2018-06-25,7691.6759999999995,0.0001,58.5,1.54,8.88,8.46,6.22,8.84,27.67,13.08,4.78,20.5,7.17,37.16,11.24,22.27,9.37,44.26,8.88,16.07,8.01,16.39,24.25,9.29,46.74,20.96,7.18,28.79,11.32,9.25,22.76,3.73
1817,2018-06-26,7617.525,0.0001,56.49,1.55,9.06,8.09,6.1,8.83,26.9,12.48,4.81,20.35,7.1,36.62,11.34,22.19,9.5,43.49,9.06,15.76,7.97,18.03,24.03,9.28,45.4,20.32,7.34,28.98,11.43,9.0,22.47,3.66
1818,2018-06-27,7482.07,0.0001,55.31,1.52,8.98,7.73,6.29,8.82,26.33,11.92,4.78,19.98,7.02,35.21,11.41,22.2,9.55,40.97,8.98,15.8,7.9,19.83,24.12,9.22,44.19,18.92,7.32,27.5,11.37,8.86,21.53,3.66
1819,2018-06-28,7408.482,0.0001,54.81,1.52,8.65,7.66,6.45,8.56,25.85,11.73,4.82,18.86,7.09,34.45,11.21,22.21,9.38,39.56,8.65,15.81,7.56,19.66,23.62,9.0,42.02,18.27,7.24,27.01,11.22,8.09,22.02,3.64
1820,2018-06-29,7571.95,0.0001,55.48,1.55,8.99,7.79,6.49,8.97,26.44,12.2,4.92,19.19,7.21,35.28,11.38,22.52,9.69,41.39,8.99,15.8,7.64,21.63,23.92,9.16,43.83,19.26,7.41,27.9,11.5,8.21,22.32,3.61
1821,2018-07-02,7336.939,0.0001,55.32,1.52,8.83,7.34,6.31,8.65,25.44,11.01,4.8,17.74,7.11,35.11,11.17,21.52,9.44,40.52,8.83,15.61,7.24,22.53,23.33,9.2,44.41,18.77,7.24,26.99,11.22,7.86,21.85,3.48
1822,2018-07-03,7346.717,0.0001,53.12,1.53,9.03,7.25,6.27,8.69,25.22,11.15,4.89,17.59,7.0,34.46,11.17,22.13,9.71,39.27,9.03,15.4,7.26,24.78,23.44,9.33,44.38,18.43,7.33,26.5,11.34,7.97,22.1,3.47
1823,2018-07-04,7279.32,0.0001,56.6,1.54,8.8,7.27,6.23,8.16,25.05,10.83,4.81,17.58,6.74,33.86,11.17,22.09,9.58,38.98,8.8,14.71,7.19,24.17,24.99,9.7,43.55,18.18,7.37,26.29,11.16,8.08,21.51,3.56
1824,2018-07-05,7263.4980000000005,0.0001,57.38,1.49,8.38,7.08,6.31,8.16,25.44,10.71,4.72,16.71,6.63,33.93,10.76,22.42,9.27,39.39,8.38,14.93,7.07,24.27,24.3,9.53,43.66,18.21,7.06,26.31,10.83,8.22,21.17,3.57
1825,2018-07-06,7315.602,0.0001,55.89,1.49,8.35,7.2,6.27,8.02,25.84,10.58,4.77,17.07,6.64,33.95,10.68,22.58,9.4,39.85,8.35,14.78,7.12,23.26,24.42,10.17,42.19,18.22,7.06,27.47,10.64,8.23,21.55,3.53
1826,2018-07-09,7505.018,0.0001,57.04,1.52,8.56,7.49,6.41,8.21,26.95,11.15,4.85,17.18,6.77,35.13,10.8,22.85,9.6,41.04,8.56,15.0,7.24,25.28,24.54,10.08,44.35,19.03,7.17,28.04,10.76,8.37,22.07,3.58
1827,2018-07-10,7514.821,0.0001,60.18,1.53,8.9,7.61,6.51,8.29,26.8,11.29,4.94,17.77,6.81,35.2,10.95,22.74,9.62,41.04,8.9,15.22,7.27,24.77,24.22,9.79,44.66,18.97,7.18,27.92,10.89,8.53,21.73,3.57
1828,2018-07-11,7388.946,0.0001,59.95,1.51,8.73,7.42,6.38,8.21,26.6,11.01,4.79,17.49,6.68,34.82,10.65,22.16,9.42,40.3,8.73,15.11,7.24,25.03,24.01,9.86,44.51,18.56,6.94,27.71,10.68,8.43,20.51,3.4
1829,2018-07-12,7530.882,0.0001,60.05,1.53,8.98,7.61,6.35,8.41,26.04,11.21,4.95,17.67,6.85,35.57,10.9,22.75,9.66,40.58,8.98,15.41,7.59,25.36,24.09,9.89,46.19,18.94,7.15,28.11,10.93,8.65,21.11,3.45
1830,2018-07-13,7547.293000000001,0.0001,61.73,1.54,8.95,7.64,6.34,8.43,26.23,11.17,4.95,17.9,6.89,36.28,10.97,22.71,9.7,42.08,8.95,15.68,7.56,24.82,23.91,9.67,46.52,18.82,7.15,28.5,11.0,8.7,22.38,3.41
1831,2018-07-16,7483.3009999999995,0.0001,62.53,1.55,8.93,7.51,6.33,8.35,25.67,10.9,5.01,17.73,6.85,36.35,10.88,22.68,10.19,41.85,8.93,15.62,7.57,26.56,23.85,9.39,45.82,18.73,7.14,28.41,10.95,8.74,22.41,3.39
1832,2018-07-17,7431.771,0.0001,62.28,1.54,8.82,7.35,6.2,8.26,25.37,10.93,4.97,18.1,6.71,35.75,10.88,22.65,10.47,41.14,8.82,15.57,7.47,26.31,23.84,9.46,45.6,18.59,7.14,27.64,10.9,8.77,23.33,3.37
1833,2018-07-18,7407.361,0.0001,62.76,1.52,8.79,7.38,6.21,8.33,25.29,10.57,4.91,17.6,6.59,35.76,10.8,22.68,10.8,41.48,8.79,15.41,7.35,24.53,23.69,9.48,47.65,18.4,7.2,27.64,10.73,8.63,22.98,3.31
1834,2018-07-19,7397.416,0.0001,61.22,1.54,8.81,7.73,6.25,8.47,25.62,10.66,4.97,17.66,6.94,35.45,10.74,22.94,10.79,39.94,8.81,15.12,7.21,24.49,23.21,9.24,46.77,18.45,7.1,27.14,10.55,8.73,22.39,3.27
1835,2018-07-20,7574.696,0.0001,61.83,1.55,8.88,7.9,6.39,8.55,27.38,10.98,5.03,17.76,7.13,36.04,10.82,23.65,10.84,39.73,8.88,15.45,7.28,25.5,23.52,9.38,47.54,18.21,7.17,27.55,10.78,8.8,23.26,3.28
1836,2018-07-23,7662.937,0.0001,61.83,1.57,9.25,8.18,6.43,8.76,27.86,11.59,5.15,17.92,7.67,35.01,11.02,23.66,11.15,37.9,9.25,15.64,7.64,25.97,23.82,9.45,46.42,17.98,7.3,27.59,10.93,8.98,23.38,3.41
1837,2018-07-24,7780.1269999999995,0.0001,61.42,1.61,9.43,8.54,6.52,8.92,27.75,11.97,5.33,17.79,7.96,34.76,11.39,23.84,11.19,38.94,9.43,16.16,7.83,25.75,24.13,9.63,46.5,18.09,7.49,28.02,11.13,8.89,23.75,3.57
1838,2018-07-25,7779.393,0.0001,62.69,1.64,9.43,8.62,6.54,9.16,28.22,12.04,5.27,18.17,7.83,35.0,11.25,23.74,10.9,39.0,9.43,16.01,7.93,26.26,24.51,9.65,46.02,18.09,7.47,27.54,11.13,8.89,23.74,3.59
1839,2018-07-26,7695.281,0.0001,62.46,1.65,9.42,8.39,6.56,8.98,28.12,11.83,5.2,17.77,7.67,34.8,11.27,23.54,10.9,38.17,9.42,15.94,7.78,25.44,24.25,9.54,46.12,17.71,7.48,26.97,11.12,8.81,23.02,3.56
1840,2018-07-27,7666.443,0.0001,61.7,1.71,9.39,8.52,6.62,8.97,28.09,11.82,5.23,17.06,7.73,34.47,11.16,23.55,10.98,38.23,9.39,15.81,7.8,24.17,23.94,9.4,45.19,17.14,7.5,26.92,11.18,8.74,23.56,3.55
1841,2018-07-30,7684.196999999999,0.0001,60.4,1.67,9.41,8.77,6.6,9.07,28.61,11.96,5.2,16.69,7.97,33.68,11.18,23.64,11.06,36.83,9.41,15.82,7.6,23.79,24.21,9.31,45.16,17.18,7.41,26.69,10.97,8.95,22.89,3.52
1842,2018-07-31,7693.156999999999,0.0001,60.27,1.67,9.6,8.69,6.76,9.25,28.39,12.13,5.21,16.8,7.82,33.8,11.11,23.45,11.06,37.0,9.6,15.89,7.64,23.55,24.46,9.45,44.36,17.23,7.49,26.44,11.04,8.95,23.12,3.54
1843,2018-08-01,7541.065,0.0001,61.69,1.63,9.2,8.36,6.65,9.06,27.87,11.33,5.16,16.29,7.77,33.67,10.83,22.76,10.67,36.26,9.2,15.53,7.52,23.41,24.08,9.25,43.2,16.59,7.39,25.87,11.09,8.76,22.28,3.47
1844,2018-08-02,7391.026,0.0001,62.08,1.61,8.92,8.28,6.52,9.22,27.18,10.86,5.1,15.6,7.8,32.98,10.58,22.26,10.14,35.78,8.92,15.01,7.46,22.99,23.1,9.21,42.53,16.16,7.15,25.08,10.54,8.63,21.97,3.36
1845,2018-08-03,7298.4169999999995,0.0001,59.68,1.58,9.81,8.29,6.58,8.94,27.24,10.68,5.11,15.6,7.53,31.77,10.51,22.01,10.04,33.44,9.81,14.99,7.28,23.07,22.39,9.01,39.21,15.65,7.11,24.93,10.36,8.69,21.5,3.3
1846,2018-08-06,7227.156,0.0001,54.95,1.58,10.14,8.18,6.51,9.08,27.59,10.51,5.18,15.5,7.57,31.45,10.29,21.64,9.91,32.56,10.14,15.03,7.2,22.78,21.6,9.04,38.0,15.65,7.0,25.31,10.08,8.65,20.85,3.28
1847,2018-08-07,7429.0419999999995,0.0001,56.01,1.63,10.23,8.56,6.79,9.6,28.48,11.01,5.31,15.88,8.0,32.17,10.6,22.15,10.17,33.3,10.23,15.15,7.38,24.4,22.01,9.26,38.84,16.25,7.18,26.16,10.27,8.85,21.3,3.39
1848,2018-08-08,7328.74,0.0001,57.58,1.66,10.27,8.66,6.73,9.47,28.11,10.71,5.25,15.48,7.86,30.68,10.44,21.99,10.26,32.06,10.27,15.37,7.11,23.59,22.44,9.59,37.59,15.82,7.18,26.05,10.05,8.87,21.38,3.39
1849,2018-08-09,7492.241,0.0001,58.21,1.67,10.16,8.67,6.71,9.55,28.77,11.53,5.34,15.89,7.92,31.35,10.61,22.36,10.47,33.58,10.16,15.69,7.25,25.95,22.54,9.66,38.74,16.1,7.29,27.07,10.27,8.99,21.78,3.46
1850,2018-08-10,7495.286999999999,0.0001,58.8,1.65,9.96,8.59,6.63,9.53,28.44,11.7,5.39,15.95,7.85,32.02,10.58,22.31,10.6,34.24,9.96,15.65,7.37,27.93,22.39,9.79,39.15,16.49,7.32,27.42,10.37,8.97,21.71,3.43
1851,2018-08-13,7448.366999999999,0.0001,60.23,1.65,9.91,8.71,6.6,9.61,27.71,11.47,5.42,15.95,7.81,32.19,10.5,22.08,11.13,34.74,9.91,15.34,7.33,30.72,22.92,9.67,38.7,16.32,7.28,27.26,10.38,8.84,21.49,3.41
1852,2018-08-14,7415.973000000001,0.0001,58.08,1.63,9.78,8.46,6.63,9.41,27.51,11.06,5.42,15.91,7.76,31.97,10.63,22.14,11.15,34.38,9.78,15.51,7.19,30.85,22.66,9.87,38.67,15.92,7.4,26.97,10.38,8.95,21.39,3.39
1853,2018-08-15,7242.552,0.0001,58.03,1.59,9.55,8.23,6.49,9.26,26.7,10.88,5.33,15.26,7.66,31.1,10.43,21.64,10.96,32.73,9.55,15.33,7.03,29.98,22.29,9.56,37.11,15.32,7.2,25.99,10.17,8.82,20.68,3.31
1854,2018-08-16,7215.378000000001,0.0001,56.58,1.58,9.19,8.08,6.39,9.2,26.74,11.01,5.62,15.46,7.31,31.12,10.31,21.82,11.14,32.86,9.19,15.25,7.02,28.93,22.0,9.23,36.23,15.16,7.14,25.99,10.14,8.92,20.8,3.24
1855,2018-08-17,7116.380999999999,0.0001,56.67,1.55,9.22,8.1,6.33,9.04,26.52,10.95,5.41,15.34,7.2,30.28,10.18,21.6,11.0,30.65,9.22,15.15,7.02,27.69,21.6,9.06,36.13,14.85,7.1,25.5,9.94,8.73,21.2,3.23
1856,2018-08-20,7203.7,0.0001,54.59,1.57,9.11,8.35,6.46,9.09,26.96,11.25,5.65,14.98,7.2,29.55,10.22,21.99,11.09,30.48,9.11,15.23,7.07,30.05,21.87,9.21,35.07,15.13,7.18,25.46,10.08,8.8,21.62,3.28
1857,2018-08-21,7326.169,0.0001,58.55,1.58,9.13,8.35,6.48,9.07,27.1,11.44,5.73,15.29,7.47,30.27,10.26,22.33,11.43,31.47,9.13,15.28,7.28,29.53,22.38,9.23,35.5,15.56,7.24,26.69,10.13,8.95,22.11,3.32
1858,2018-08-22,7301.851,0.0001,58.41,1.56,8.91,8.33,6.53,8.83,27.04,11.34,5.63,14.9,7.33,30.32,10.1,22.32,11.67,31.2,8.91,15.29,7.24,28.31,22.33,9.42,34.66,15.18,7.22,26.62,10.07,8.89,22.3,3.3
1859,2018-08-23,7331.6669999999995,0.0001,56.79,1.56,8.9,8.12,6.57,8.92,27.3,11.3,5.71,15.2,7.3,30.49,10.1,22.45,11.67,31.57,8.9,15.26,7.4,29.43,22.3,9.3,35.2,15.18,7.18,26.49,10.08,8.98,22.29,3.3
1860,2018-08-24,7357.130999999999,0.0001,57.06,1.56,8.84,8.07,6.63,9.03,27.7,11.32,5.64,15.3,7.23,31.23,10.16,22.57,11.09,30.57,8.84,14.82,7.35,28.48,22.26,9.19,35.69,15.04,7.14,26.35,10.02,9.01,22.63,3.31
1861,2018-08-27,7511.4130000000005,0.0001,57.47,1.58,9.06,8.19,6.82,9.24,28.54,12.0,5.72,15.52,7.39,31.98,10.31,22.6,11.06,33.63,9.06,15.04,7.71,28.7,22.61,9.38,36.5,15.48,7.29,27.19,10.17,9.12,22.79,3.43
1862,2018-08-28,7493.101,0.0001,55.83,1.57,9.14,8.18,6.85,9.22,28.62,11.98,5.76,15.9,7.33,32.08,10.4,22.36,11.31,32.69,9.14,15.94,7.75,29.93,22.81,9.8,36.31,15.31,7.31,26.89,10.14,9.11,22.87,3.43
1863,2018-08-29,7465.74,0.0001,54.71,1.56,9.2,8.06,6.86,9.24,28.76,12.11,5.72,15.71,7.26,32.06,10.26,22.41,11.55,32.53,9.2,16.12,7.71,30.29,22.59,9.81,34.99,15.05,7.34,26.56,10.05,8.64,22.94,3.43
1864,2018-08-30,7393.93,0.0001,54.83,1.52,8.83,7.93,6.8,8.93,28.14,11.87,5.55,15.64,7.12,31.37,10.16,21.97,11.51,31.36,8.83,16.07,7.68,29.65,22.44,9.83,34.99,15.15,7.25,26.08,9.99,8.69,22.5,3.39
1865,2018-08-31,7371.181,0.0001,54.88,1.51,8.65,7.88,6.84,9.0,28.29,12.28,5.61,15.15,7.09,31.98,10.24,22.1,11.65,29.2,8.65,16.07,7.67,29.2,22.6,9.85,34.2,14.89,7.15,24.2,9.98,8.63,22.79,3.4
1866,2018-09-03,7350.294,0.0001,54.3,1.52,8.72,7.69,6.81,8.96,28.14,12.17,5.47,15.13,6.97,31.72,10.16,22.12,11.57,28.13,8.72,15.89,7.5,30.02,22.31,10.13,34.37,14.89,7.17,23.74,9.95,8.34,22.1,3.37
1867,2018-09-04,7443.581999999999,0.0001,54.3,1.53,8.78,7.78,6.89,9.05,28.64,12.36,5.5,15.41,7.02,31.3,10.22,22.26,11.74,29.11,8.78,16.12,7.55,31.21,22.35,10.5,34.41,15.16,7.21,24.01,10.03,8.37,22.61,3.4
1868,2018-09-05,7290.943,0.0001,53.9,1.51,8.52,7.55,6.7,8.82,27.69,11.84,5.56,15.2,6.92,31.54,10.08,21.71,11.45,29.15,8.52,15.98,7.54,30.65,22.15,10.42,34.07,15.03,7.23,23.4,9.91,8.23,22.37,3.37
1869,2018-09-06,7226.423000000001,0.0001,53.1,1.5,8.4,7.44,6.7,8.73,27.5,11.43,5.81,14.77,6.87,30.32,10.05,21.63,11.43,28.75,8.4,15.65,7.54,31.0,22.78,10.37,33.1,14.93,7.38,22.4,9.9,8.23,22.14,3.39
1870,2018-09-07,7276.071,0.0001,53.07,1.49,8.46,7.56,6.68,8.65,28.17,11.52,5.73,14.83,6.98,30.4,9.98,21.57,11.2,29.7,8.46,15.91,7.62,28.92,23.46,10.23,33.18,14.89,7.4,22.49,9.83,8.23,22.25,3.44
1871,2018-09-10,7186.380999999999,0.0001,53.03,1.49,8.3,7.61,6.72,8.6,27.9,11.8,5.54,14.4,6.9,30.17,9.41,21.26,11.01,28.95,8.3,16.5,7.51,27.97,23.01,10.17,33.06,14.97,7.34,22.64,9.64,8.21,21.35,3.35
1872,2018-09-11,7161.113,0.0001,54.53,1.5,8.24,7.17,6.78,8.62,27.4,11.65,5.6,14.24,6.72,30.0,9.33,21.11,11.1,29.09,8.24,16.35,7.5,28.15,23.42,10.28,32.12,14.98,7.43,22.97,9.65,8.23,21.16,3.33
1873,2018-09-12,7122.1669999999995,0.0001,54.1,1.49,8.25,7.2,6.65,8.6,27.4,11.67,5.43,14.12,6.73,29.9,9.35,21.06,11.21,28.0,8.25,16.13,7.49,26.78,23.24,9.96,31.9,14.79,7.55,22.49,9.64,8.02,21.32,3.32
1874,2018-09-13,7206.406999999999,0.0001,53.43,1.49,8.4,7.24,6.83,8.41,27.76,11.86,5.55,13.84,6.89,29.38,9.42,21.26,11.36,27.72,8.4,16.65,7.55,27.51,23.46,10.01,32.0,15.08,7.6,22.88,9.78,7.89,21.75,3.4
1875,2018-09-14,7219.536999999999,0.0001,54.05,1.5,8.55,7.34,6.77,8.2,27.88,12.02,5.47,14.04,6.91,29.42,9.62,21.08,11.26,27.75,8.55,16.62,7.5,27.4,23.47,9.92,32.23,15.32,7.58,23.23,9.81,7.93,21.39,3.45
1876,2018-09-17,7138.988,0.0001,52.87,1.46,8.53,7.23,6.71,8.26,27.45,11.97,5.32,13.77,6.77,29.41,9.38,20.81,11.01,27.13,8.53,16.63,7.5,27.95,22.22,9.79,31.15,15.01,7.54,23.23,9.75,7.98,21.88,3.4
1877,2018-09-18,7299.334,0.0001,53.0,1.48,8.72,7.59,6.81,8.49,28.18,12.14,5.41,13.8,7.31,30.03,9.5,21.16,11.16,27.65,8.72,17.25,7.77,28.2,22.52,9.92,32.29,15.17,7.76,23.63,9.85,8.25,21.88,3.45
1878,2018-09-19,7383.63,0.0001,54.81,1.49,8.7,7.67,6.93,8.58,28.4,12.71,5.49,14.02,7.24,30.46,9.61,21.4,11.17,28.3,8.7,17.17,7.85,28.19,22.95,10.05,33.86,15.89,7.73,24.03,9.95,8.18,22.1,3.55
1879,2018-09-20,7379.869000000001,0.0001,54.49,1.5,8.58,7.7,6.89,8.68,28.51,12.56,5.47,13.93,7.2,30.3,9.82,21.29,11.07,28.24,8.58,17.16,7.79,27.71,22.98,9.98,33.45,16.27,7.69,24.24,9.92,8.08,22.58,3.53
1880,2018-09-21,7614.865,0.0001,56.6,1.51,8.79,7.95,6.95,8.82,30.3,13.15,5.59,14.29,7.35,30.9,9.88,22.06,11.19,30.02,8.79,17.25,8.09,28.06,23.5,10.12,34.25,16.6,7.75,24.92,10.07,8.05,23.02,3.61
1881,2018-09-25,7550.774,0.0001,56.63,1.49,8.66,7.79,6.88,8.68,29.62,12.36,5.54,14.06,7.23,30.63,9.9,21.92,11.31,30.04,8.66,17.25,7.99,28.95,23.81,10.43,34.39,16.2,7.77,24.63,10.04,8.05,22.58,3.6
1882,2018-09-26,7635.898,0.0001,58.06,1.52,8.66,7.88,7.07,8.91,30.45,12.4,5.57,14.37,7.23,31.39,9.96,22.45,11.39,30.15,8.66,17.5,8.02,29.0,23.98,10.32,35.35,16.39,7.78,25.3,10.03,8.1,23.02,3.59
1883,2018-09-27,7614.626,0.0001,58.29,1.51,8.57,7.91,7.04,8.91,30.43,12.26,5.51,14.25,7.23,31.5,9.83,22.49,11.2,30.56,8.57,17.52,7.96,28.79,23.7,10.16,34.7,16.42,7.75,25.18,9.94,8.11,22.82,3.55
1884,2018-09-28,7699.015,0.0001,58.77,1.66,8.88,7.85,7.12,8.88,30.69,12.17,5.57,14.67,7.29,31.75,10.23,22.68,11.56,31.55,8.88,17.65,8.15,29.15,23.67,10.19,34.77,16.52,7.78,25.68,10.0,8.23,23.04,3.57
1885,2018-10-08,7377.625,0.0001,55.7,1.66,8.95,7.37,6.62,8.75,29.43,11.35,5.33,14.3,7.05,30.25,10.16,21.73,11.37,29.93,8.95,17.0,8.02,27.41,23.8,9.73,33.82,15.7,7.48,24.22,9.69,7.98,22.03,3.47
1886,2018-10-09,7373.6990000000005,0.0001,53.83,1.66,9.07,7.38,6.66,8.49,29.4,11.22,5.34,13.8,7.01,30.65,10.27,21.73,11.42,29.43,9.07,16.99,8.0,26.19,24.93,9.55,32.98,15.81,7.66,24.86,9.74,7.93,22.47,3.59
1887,2018-10-10,7375.854,0.0001,54.47,1.62,8.97,7.48,6.67,8.56,29.6,11.35,5.4,13.69,7.1,30.8,10.2,21.72,11.42,29.39,8.97,17.05,7.81,26.0,26.1,9.72,33.69,15.66,7.79,24.95,9.74,7.96,22.65,3.69
1888,2018-10-11,7037.726,0.0001,52.9,1.52,8.16,7.18,6.4,8.22,28.45,10.98,5.05,13.02,6.84,29.09,9.58,21.0,10.85,27.98,8.16,16.3,7.44,23.4,25.79,9.28,32.76,14.95,7.05,24.19,8.83,7.59,21.9,3.6
1889,2018-10-12,7145.156999999999,0.0001,54.61,1.56,8.27,7.48,6.52,8.28,29.16,11.37,5.08,12.99,6.93,29.63,9.69,21.39,10.54,28.39,8.27,16.66,7.53,23.75,26.06,9.21,32.05,14.73,7.04,25.29,8.62,7.64,21.62,3.65
1890,2018-10-15,7047.03,0.0001,54.05,1.57,8.14,7.3,6.48,8.32,28.74,11.05,5.03,12.69,6.74,29.38,9.54,21.06,10.59,27.7,8.14,16.57,7.6,23.32,26.48,9.09,32.05,13.38,6.81,25.14,8.59,7.62,20.88,3.58
1891,2018-10-16,7007.795,0.0001,53.4,1.54,8.09,7.25,6.55,8.16,29.1,10.7,5.02,11.83,6.37,28.14,9.48,21.17,10.79,27.01,8.09,16.27,7.48,22.75,25.66,9.22,31.35,13.39,6.54,25.01,8.31,7.61,20.41,3.34
1892,2018-10-17,7040.781999999999,0.0001,52.68,1.54,8.05,7.41,6.47,8.21,29.0,10.88,5.08,11.99,6.36,28.3,9.56,21.34,10.94,27.83,8.05,16.85,7.33,25.03,25.55,8.38,31.35,13.62,6.65,24.32,8.35,7.85,20.1,3.37
1893,2018-10-18,6863.706999999999,0.0001,50.15,1.47,7.71,7.19,6.21,7.7,27.9,10.66,5.01,12.0,6.11,27.9,9.26,20.92,10.67,27.18,7.71,16.38,7.18,25.44,24.54,8.23,30.63,13.4,6.51,23.96,7.99,7.6,20.32,3.29
1894,2018-10-19,7075.654,0.0001,52.78,1.5,7.8,7.42,6.31,7.83,29.21,11.17,5.13,12.02,6.19,28.75,9.35,21.77,10.76,28.58,7.8,17.0,7.54,26.78,25.48,8.43,31.9,13.6,6.68,25.07,8.21,7.81,20.49,3.4
1895,2018-10-22,7365.974,0.0001,55.8,1.57,8.38,7.76,6.46,8.18,30.0,11.67,5.42,12.41,6.44,30.2,9.71,23.32,11.11,30.09,8.38,17.32,8.0,28.0,26.04,8.76,33.0,13.95,6.91,26.49,8.6,8.06,21.68,3.5
1896,2018-10-23,7169.922,0.0001,54.8,1.52,8.1,7.42,6.25,7.93,29.02,11.32,5.34,12.15,6.2,29.69,9.43,22.65,11.07,29.09,8.1,17.34,7.78,27.28,26.91,8.59,31.9,13.29,6.85,25.64,8.45,7.89,21.37,3.48
1897,2018-10-24,7202.988,0.0001,51.9,1.53,8.08,7.46,6.19,8.01,29.39,11.51,5.4,12.01,6.23,29.34,9.39,22.87,11.05,28.66,8.08,17.66,7.73,27.49,26.76,8.61,31.38,13.26,6.88,23.8,8.55,7.92,21.28,3.51
1898,2018-10-25,7226.2480000000005,0.0001,50.74,1.53,8.0,7.56,6.2,7.95,29.66,12.15,5.42,11.75,6.13,29.66,9.49,23.35,10.97,28.15,8.0,17.77,7.79,26.46,27.02,8.68,30.7,12.71,6.81,23.44,8.68,7.92,21.63,3.56
1899,2018-10-26,7176.009,0.0001,48.6,1.55,8.11,7.58,6.26,7.89,29.6,12.4,5.43,12.3,6.27,29.48,9.5,22.53,10.97,27.53,8.11,17.49,7.78,26.38,26.8,8.64,30.2,12.93,6.86,22.81,8.75,8.06,21.89,3.55
1900,2018-10-29,6966.303000000001,0.0001,43.74,1.52,7.93,7.39,6.23,7.63,27.85,12.08,5.4,11.07,6.21,27.98,9.39,21.67,10.84,25.62,7.93,17.35,7.47,25.51,26.86,8.41,28.69,12.16,6.75,21.04,8.72,7.98,21.4,3.42
1901,2018-10-30,7053.04,0.0001,47.8,1.58,7.98,7.51,6.31,7.71,28.35,12.31,5.4,10.6,6.26,28.16,9.58,21.67,11.01,24.7,7.98,17.37,7.3,25.01,26.45,8.68,29.09,12.19,6.94,21.37,8.75,7.91,21.75,3.41
1902,2018-10-31,7150.1990000000005,0.0001,49.55,1.62,8.14,7.65,6.31,7.87,28.91,12.6,5.42,10.66,6.41,28.43,10.5,21.87,11.06,25.4,8.14,17.35,7.14,25.28,26.3,8.8,30.2,12.66,7.22,22.08,8.85,8.06,22.75,3.42
1903,2018-11-01,7179.416,0.0001,50.17,1.59,8.08,7.57,6.26,7.92,29.05,12.84,5.42,10.87,6.48,28.36,10.36,21.87,11.09,25.87,8.08,17.69,7.06,27.16,27.4,8.78,31.23,12.88,7.28,22.31,9.22,8.09,22.54,3.5
1904,2018-11-02,7414.903,0.0001,54.2,1.62,8.27,7.74,6.32,8.14,30.33,12.69,5.52,11.35,6.6,29.64,10.42,22.67,11.22,27.55,8.27,18.12,7.32,27.48,27.29,8.9,32.75,13.66,7.42,23.61,9.81,8.2,23.4,3.54
1905,2018-11-05,7350.701999999999,0.0001,52.2,1.6,8.31,7.66,6.32,8.07,30.0,12.28,5.49,11.53,6.6,29.44,10.44,22.7,11.48,27.3,8.31,17.83,7.43,27.02,26.7,8.8,32.92,13.55,7.48,23.22,10.79,8.18,23.86,3.55
1906,2018-11-06,7317.001,0.0001,52.15,1.59,8.47,7.62,6.35,8.14,29.87,12.5,5.45,11.37,6.53,29.67,10.48,22.64,11.5,27.63,8.47,17.75,7.49,26.48,26.68,8.86,32.88,13.38,7.54,22.9,11.87,8.13,24.0,3.55
1907,2018-11-07,7268.754,0.0001,51.2,1.59,8.26,7.55,6.24,8.1,29.57,12.39,5.48,11.35,6.53,29.59,10.29,22.25,11.9,27.86,8.26,17.6,7.43,26.99,26.98,8.82,32.95,13.38,7.59,22.91,13.06,8.05,23.62,3.56
1908,2018-11-08,7256.894,0.0001,50.26,1.6,8.14,7.56,6.25,8.06,30.01,12.38,5.38,11.42,6.44,29.52,10.19,22.25,12.05,27.58,8.14,17.35,7.34,26.53,26.28,8.77,32.67,13.22,7.49,22.88,14.29,8.09,23.16,3.48
1909,2018-11-09,7136.155,0.0001,49.64,1.57,8.09,7.47,6.14,8.02,28.6,12.18,5.37,11.28,6.33,29.33,10.06,21.86,11.91,27.51,8.09,17.51,7.3,26.0,25.35,8.73,32.69,13.15,7.53,22.87,13.68,8.06,23.2,3.42
1910,2018-11-12,7198.213000000001,0.0001,49.57,1.6,8.23,7.49,6.18,8.2,28.56,12.35,5.5,11.82,6.51,29.56,10.3,22.01,12.07,28.09,8.23,17.95,7.36,26.72,25.16,8.9,32.97,13.53,7.66,23.2,14.2,8.1,23.41,3.44
1911,2018-11-13,7260.181,0.0001,49.91,1.65,8.35,7.48,6.18,8.19,28.58,12.47,5.5,11.79,6.6,29.73,10.29,22.25,12.15,28.23,8.35,17.75,7.36,26.54,25.55,8.97,32.95,13.61,7.66,23.87,14.02,8.1,23.2,3.46
1912,2018-11-14,7186.264,0.0001,50.0,1.67,8.31,7.43,5.97,8.24,28.16,12.61,5.46,11.6,6.67,29.8,10.19,22.01,11.98,28.27,8.31,18.05,7.22,26.35,25.6,8.95,32.28,13.41,7.92,23.54,15.1,8.03,22.93,3.44
1913,2018-11-15,7277.073,0.0001,50.4,1.68,8.44,7.48,6.0,8.24,28.38,12.77,5.63,11.75,6.71,30.08,10.36,22.69,12.05,28.33,8.44,17.93,7.22,26.5,25.81,9.07,32.39,13.53,8.0,23.55,16.61,8.06,23.28,3.48
1914,2018-11-16,7300.557,0.0001,51.6,1.65,8.58,7.43,6.05,8.17,28.48,13.0,5.59,11.93,6.74,30.19,10.3,22.57,12.28,27.59,8.58,17.9,7.27,27.29,26.01,9.11,32.87,13.82,8.0,23.75,18.27,8.0,23.24,3.46
1915,2018-11-19,7384.361,0.0001,51.03,1.67,8.57,7.45,6.13,8.16,28.95,13.52,5.62,11.85,6.79,30.62,10.63,22.73,12.28,28.73,8.57,18.03,7.17,26.4,25.8,9.09,32.35,14.2,7.97,23.9,18.5,8.05,23.22,3.47
1916,2018-11-20,7232.960999999999,0.0001,50.04,1.62,8.31,7.3,6.06,7.99,28.42,13.29,5.47,11.45,6.62,29.8,10.39,22.08,12.26,28.1,8.31,17.77,7.22,26.21,26.7,8.89,31.03,13.9,7.79,23.52,17.79,7.93,22.44,3.54
1917,2018-11-21,7248.976,0.0001,50.04,1.62,8.42,7.43,5.95,7.95,28.4,13.42,5.45,11.43,6.75,29.72,10.27,21.92,12.57,29.2,8.42,17.61,7.26,25.85,26.39,8.89,30.85,14.04,7.85,24.0,17.31,7.94,22.43,3.53
1918,2018-11-22,7217.0509999999995,0.0001,49.39,1.62,8.74,7.27,5.91,7.95,28.3,13.22,5.42,11.58,6.58,30.17,10.26,21.9,13.07,28.97,8.74,17.55,7.27,25.37,26.47,8.88,30.85,14.13,7.9,23.94,18.12,7.89,22.71,3.51
1919,2018-11-23,7074.206,0.0001,49.0,1.57,8.2,7.11,5.84,7.79,27.88,13.0,5.25,11.41,6.49,29.44,9.67,21.41,12.46,27.43,8.2,17.1,7.11,24.4,25.64,8.45,29.97,13.6,7.74,23.45,16.73,7.75,21.92,3.39
1920,2018-11-26,7076.424,0.0001,49.21,1.58,8.02,6.94,5.79,7.8,28.27,13.05,5.24,11.21,6.57,29.3,9.53,21.43,12.7,27.44,8.02,17.3,7.11,24.34,25.58,8.5,30.15,13.92,8.11,23.35,16.88,7.66,21.97,3.34
1921,2018-11-27,7063.758000000001,0.0001,47.98,1.57,7.99,6.84,5.81,7.85,27.99,12.79,5.27,11.21,6.43,29.34,9.61,21.41,13.23,27.06,7.99,17.18,7.24,25.1,25.82,8.49,30.18,13.8,7.99,23.23,16.38,7.62,21.9,3.34
1922,2018-11-28,7144.4130000000005,0.0001,49.45,1.58,8.05,6.85,5.87,7.97,28.28,13.36,5.37,11.21,6.48,29.15,9.79,21.6,13.19,27.52,8.05,17.35,7.26,25.04,25.71,8.69,30.65,13.91,7.97,23.48,15.61,7.7,22.8,3.34
1923,2018-11-29,7067.724,0.0001,48.43,1.56,7.84,6.7,5.83,7.94,28.3,12.91,5.26,11.14,6.41,29.0,9.68,21.48,13.26,27.53,7.84,17.5,7.2,24.15,27.14,8.74,30.35,13.79,7.76,23.45,14.89,7.64,22.13,3.38
1924,2018-11-30,7140.9980000000005,0.0001,50.1,1.53,7.9,6.72,5.9,8.03,28.55,13.1,5.28,11.26,6.41,29.09,9.73,21.58,13.41,27.84,7.9,17.58,7.22,24.31,27.05,8.82,30.83,13.75,7.62,23.83,14.83,7.71,22.6,3.39
1925,2018-12-03,7317.64,0.0001,51.26,1.57,8.12,6.84,6.06,8.26,29.46,13.1,5.44,11.71,6.55,29.81,10.02,22.19,13.66,29.79,8.12,17.84,7.31,24.89,27.37,8.93,31.7,14.82,8.04,24.24,14.85,7.87,23.5,3.44
1926,2018-12-04,7344.355,0.0001,52.08,1.58,8.14,7.0,6.02,8.24,29.57,12.68,5.45,11.78,6.66,29.85,9.96,22.2,13.59,30.0,8.14,17.94,7.34,24.68,28.03,8.86,31.92,14.65,8.15,24.2,15.66,7.9,23.2,3.44
1927,2018-12-05,7307.5740000000005,0.0001,51.65,1.56,8.07,6.94,5.97,8.19,29.37,12.73,5.36,12.07,6.68,29.81,9.89,22.01,13.42,30.43,8.07,18.23,7.55,24.85,28.07,8.79,31.78,14.41,8.01,23.8,14.1,7.94,23.3,3.41
1928,2018-12-06,7168.061,0.0001,50.5,1.54,7.97,6.88,5.87,8.09,28.9,12.68,5.24,11.79,6.55,28.83,9.78,21.59,13.24,27.81,7.97,18.01,7.46,25.2,28.24,8.79,31.09,13.92,7.82,23.0,14.12,7.83,23.28,3.4
1929,2018-12-07,7164.411999999999,0.0001,49.93,1.54,8.0,6.92,5.86,8.19,28.58,12.68,5.26,11.67,6.84,29.02,9.76,21.55,13.0,26.12,8.0,18.28,7.28,24.45,28.09,8.69,31.88,13.75,7.84,23.02,14.19,7.92,23.2,3.4
1930,2018-12-10,7100.995,0.0001,49.61,1.53,7.91,6.9,5.92,8.16,28.34,12.44,5.24,11.74,6.85,28.8,9.56,21.3,12.93,25.71,7.91,18.82,7.65,24.28,28.78,8.61,32.17,13.46,7.74,22.58,14.2,7.98,22.71,3.46
1931,2018-12-11,7124.68,0.0001,49.78,1.54,8.01,6.89,5.85,8.21,28.51,12.8,5.27,11.72,6.78,29.15,9.64,21.37,12.93,25.92,8.01,18.78,7.67,24.27,29.57,8.62,33.33,13.6,7.86,22.85,14.06,7.97,23.35,3.48
1932,2018-12-12,7146.809,0.0001,49.7,1.54,8.03,6.83,5.86,8.35,28.46,12.89,5.26,12.03,6.78,29.24,9.65,21.47,12.98,25.89,8.03,18.62,7.8,24.07,29.73,8.63,35.24,13.66,7.9,23.0,14.44,7.98,23.68,3.43
1933,2018-12-13,7247.545999999999,0.0001,51.8,1.58,8.07,6.91,5.93,8.51,28.75,13.33,5.31,12.24,7.0,30.04,9.6,21.66,13.25,26.3,8.07,18.77,7.8,24.3,29.5,8.73,35.63,14.51,8.05,23.39,14.38,7.99,23.9,3.43
1934,2018-12-14,7132.321,0.0001,51.23,1.56,7.88,6.77,5.89,8.46,28.33,13.0,5.24,11.9,6.83,30.01,9.33,21.28,12.91,25.48,7.88,18.8,7.6,23.43,28.58,8.75,35.99,14.39,7.92,23.29,13.3,7.96,23.96,3.38
1935,2018-12-17,7134.995,0.0001,50.01,1.57,7.9,6.8,5.97,8.67,28.29,13.0,5.26,11.93,6.84,29.31,9.32,21.55,12.67,25.23,7.9,18.69,7.53,23.22,28.85,8.72,35.36,14.43,7.84,22.95,13.83,7.98,23.5,3.41
1936,2018-12-18,7063.988,0.0001,50.49,1.56,7.88,6.71,5.81,8.6,27.91,12.53,5.24,11.93,6.55,28.99,9.27,21.41,12.58,24.92,7.88,18.64,7.31,23.34,29.5,8.58,35.27,14.07,7.97,22.58,14.01,8.05,23.75,3.42
1937,2018-12-19,6986.028,0.0001,49.85,1.55,7.83,6.65,5.65,8.57,26.77,12.46,5.21,11.81,6.47,27.8,9.19,21.56,12.22,23.98,7.83,18.33,7.39,23.31,29.12,8.8,35.34,14.13,7.69,22.1,13.9,8.09,23.2,3.42
1938,2018-12-20,6918.107,0.0001,50.05,1.55,7.75,6.58,5.61,8.49,25.91,12.37,5.16,11.7,6.38,26.51,9.2,21.5,12.4,23.86,7.75,18.32,7.36,23.26,29.28,8.8,35.62,13.94,7.72,22.33,14.29,7.97,23.84,3.37
1939,2018-12-21,6846.113,0.0001,49.44,1.55,7.73,6.62,5.63,8.45,25.39,11.95,5.14,11.88,6.34,26.83,9.11,21.28,12.28,23.71,7.73,18.24,7.53,23.41,29.65,8.87,35.1,13.85,7.84,22.12,13.85,7.98,23.26,3.38
1940,2018-12-24,6858.956999999999,0.0001,50.28,1.54,7.72,6.62,5.74,8.56,25.45,11.97,5.18,11.6,6.33,27.29,9.12,20.93,12.49,24.28,7.72,18.25,7.64,23.62,29.69,8.94,36.9,13.89,7.8,22.18,13.68,8.04,23.49,3.39
1941,2018-12-25,6809.09,0.0001,50.05,1.52,7.57,6.39,5.62,8.33,25.29,11.93,5.23,11.6,6.18,27.0,8.86,20.51,12.65,23.95,7.57,18.09,7.8,23.25,29.88,8.73,36.13,13.81,7.4,22.43,14.13,8.09,23.43,3.39
1942,2018-12-26,6775.751,0.0001,50.82,1.51,7.51,6.33,5.63,8.4,24.85,11.81,5.14,11.69,6.29,27.2,8.84,20.33,12.91,23.71,7.51,18.32,7.78,23.25,30.4,8.59,35.11,13.85,7.76,22.42,15.09,8.12,23.9,3.37
1943,2018-12-27,6758.854,0.0001,51.53,1.47,7.48,6.43,5.25,8.4,24.85,11.75,5.14,11.94,6.26,27.3,8.76,20.36,12.92,23.36,7.48,18.08,7.8,22.65,29.86,8.51,35.05,14.09,7.8,22.2,14.34,8.16,23.96,3.32
1944,2018-12-28,6808.795999999999,0.0001,50.76,1.48,7.5,6.5,5.05,8.34,25.2,11.79,5.17,11.85,6.32,27.5,8.77,20.39,13.13,23.27,7.5,18.53,7.87,20.93,30.25,8.56,34.86,13.85,7.89,22.88,14.95,8.23,24.24,3.34
1945,2019-01-02,6717.2519999999995,0.0001,50.38,1.47,7.49,6.35,5.01,8.05,24.57,11.71,5.17,11.9,6.3,26.65,8.69,19.95,13.26,21.55,7.49,18.12,7.9,21.05,30.5,8.5,34.5,13.53,7.88,22.48,15.93,8.19,23.55,3.01
1946,2019-01-03,6726.161999999999,0.0001,49.7,1.49,7.51,6.43,5.04,7.93,24.88,11.9,5.15,11.98,6.26,26.55,8.82,20.16,13.28,20.99,7.51,18.18,7.9,20.74,31.09,8.31,33.3,13.45,7.77,22.3,16.24,8.09,22.51,3.05
1947,2019-01-04,6875.224,0.0001,49.82,1.52,7.66,6.51,5.1,8.07,25.51,12.23,5.2,12.17,6.38,26.82,9.18,20.49,13.43,21.77,7.66,18.63,7.92,22.23,31.04,8.41,33.4,13.59,8.17,22.52,16.3,8.13,22.4,3.08
1948,2019-01-07,6898.073,0.0001,49.78,1.52,7.75,6.57,5.18,8.14,25.52,12.16,5.27,12.35,6.47,26.64,9.28,20.23,13.85,21.75,7.75,19.54,7.95,22.34,30.9,8.53,34.86,13.42,8.4,22.77,16.29,8.24,23.07,3.08
1949,2019-01-08,6875.611999999999,0.0001,49.84,1.51,7.69,6.64,5.24,8.1,25.22,11.99,5.25,12.5,6.47,26.33,9.16,19.99,13.72,22.02,7.69,19.16,8.07,22.06,29.19,8.41,33.49,13.26,8.4,22.6,16.04,8.18,22.81,3.04
1950,2019-01-09,6940.649,0.0001,50.69,1.51,7.66,6.73,5.35,8.11,25.7,12.14,5.29,12.43,6.44,26.74,9.1,20.33,13.7,22.28,7.66,19.08,8.06,22.05,29.49,8.43,33.75,14.0,8.34,22.8,16.02,8.19,23.11,3.06
1951,2019-01-10,6925.821999999999,0.0001,49.8,1.51,7.68,6.68,5.3,8.04,25.85,12.0,5.25,12.16,6.38,26.73,8.96,20.3,13.59,22.4,7.68,19.35,8.02,21.32,30.48,8.38,33.18,13.96,8.38,23.1,15.2,8.02,23.85,3.07
1952,2019-01-11,6980.1140000000005,0.0001,49.1,1.53,7.73,6.74,5.35,8.19,26.46,11.99,5.36,12.22,6.43,26.96,9.06,20.45,13.75,22.16,7.73,19.17,8.14,21.64,30.45,8.4,33.21,14.07,8.5,23.51,15.56,8.16,23.7,3.05
1953,2019-01-14,6918.31,0.0001,47.88,1.53,7.84,6.75,5.29,8.38,26.31,11.77,5.35,12.13,6.41,26.55,9.0,20.17,13.88,21.4,7.84,18.91,8.21,21.32,30.33,8.36,33.09,13.95,8.53,23.19,15.46,8.08,23.9,3.05
1954,2019-01-15,7051.85,0.0001,48.37,1.53,7.81,6.79,5.33,8.43,26.8,11.68,5.41,12.17,6.47,26.68,9.04,20.47,14.2,22.37,7.81,19.32,8.26,21.7,30.4,8.46,36.4,14.66,8.66,24.1,15.54,8.12,24.88,3.05
1955,2019-01-16,7052.133000000001,0.0001,47.48,1.52,7.81,6.81,5.39,8.47,26.85,11.86,5.37,11.99,6.4,26.97,8.91,20.83,14.19,22.71,7.81,19.09,8.29,23.03,29.82,8.41,36.1,14.63,8.55,24.0,15.71,8.2,25.1,2.99
1956,2019-01-17,7019.946,0.0001,47.65,1.53,7.77,6.77,5.36,8.53,26.47,11.77,5.31,12.14,6.33,26.41,8.91,21.08,14.1,22.8,7.77,18.95,8.13,22.75,29.8,8.3,35.8,14.62,8.5,24.07,16.98,8.31,25.39,3.0
1957,2019-01-18,7148.468000000001,0.0001,49.99,1.57,7.92,6.93,5.4,8.64,27.1,12.07,5.37,12.2,6.43,26.61,9.06,21.51,14.23,23.7,7.92,19.39,8.15,22.41,29.52,8.36,36.19,15.14,8.49,24.45,16.29,8.37,25.53,3.03
1958,2019-01-21,7184.838000000001,0.0001,50.55,1.55,7.92,7.07,5.48,8.61,27.33,12.04,5.41,12.19,6.45,27.08,9.05,22.26,13.52,23.7,7.92,19.47,8.24,22.57,29.47,8.46,36.78,15.18,8.58,24.78,16.4,8.36,25.43,3.01
1959,2019-01-22,7091.844,0.0001,48.5,1.51,7.75,6.95,5.38,8.54,26.98,12.05,5.35,11.81,6.31,26.85,8.91,21.9,13.07,23.06,7.75,19.12,8.18,22.12,29.9,8.44,36.17,14.97,8.4,24.43,16.36,8.26,25.4,2.98
1960,2019-01-23,7085.65,0.0001,47.85,1.51,7.69,6.88,5.38,8.71,27.16,11.91,5.44,11.78,6.27,26.91,8.9,21.9,13.32,23.03,7.69,19.49,8.21,21.74,29.8,8.57,36.3,14.88,8.59,24.3,16.4,8.4,25.7,2.98
1961,2019-01-24,7127.414000000001,0.0001,47.33,1.51,7.69,6.87,5.43,8.86,27.87,11.94,5.43,11.82,6.16,26.69,8.88,21.85,13.22,22.98,7.69,19.6,8.16,22.21,29.56,8.59,36.58,15.31,8.58,24.34,16.07,8.45,25.66,2.97
1962,2019-01-25,7186.736999999999,0.0001,48.14,1.51,7.62,6.95,5.47,9.07,28.52,12.3,5.38,11.87,6.17,26.75,8.86,22.3,13.3,23.36,7.62,19.5,8.22,22.02,29.76,8.45,36.83,15.46,9.06,24.43,15.33,8.48,26.02,2.98
1963,2019-01-28,7178.49,0.0001,48.88,1.5,7.53,6.85,5.55,9.08,28.66,12.24,5.35,11.84,6.17,26.61,8.84,22.28,13.25,23.59,7.53,19.71,8.24,22.15,30.77,8.41,36.96,15.57,9.33,24.21,15.35,8.48,25.95,2.99
1964,2019-01-29,7207.895,0.0001,49.2,1.49,7.44,6.97,5.61,9.14,28.64,12.59,5.31,11.7,6.17,26.6,8.69,22.47,12.78,23.62,7.44,19.69,8.25,21.46,30.79,8.26,38.13,15.57,9.34,24.3,14.54,8.73,25.99,2.95
1965,2019-01-30,7161.9980000000005,0.0001,49.11,1.48,7.43,6.94,5.63,9.12,28.42,12.7,5.25,11.74,6.15,26.47,8.64,22.06,12.78,22.9,7.43,19.27,8.21,20.77,31.25,8.23,37.19,15.55,9.39,24.1,14.37,8.54,25.59,2.97
1966,2019-01-31,7241.9580000000005,0.0001,49.3,1.47,7.61,7.01,5.73,9.12,29.21,12.88,5.31,11.57,6.17,26.38,8.55,22.76,12.39,23.23,7.61,19.15,8.06,20.57,30.68,8.11,37.73,16.0,9.26,24.18,13.8,8.55,25.56,2.98
1967,2019-02-01,7319.483,0.0001,49.55,1.5,7.78,7.07,5.74,9.48,29.3,12.87,5.36,11.68,6.25,26.95,8.7,22.87,12.86,24.06,7.78,19.67,8.19,21.18,30.9,8.27,38.1,16.19,9.27,24.54,14.2,8.7,26.41,3.01
1968,2019-02-11,7418.32,0.0001,50.25,1.52,8.01,7.09,5.7,9.48,29.39,12.86,5.43,11.91,6.38,27.42,8.96,22.85,13.27,24.55,8.01,19.7,8.24,22.1,30.8,8.47,38.7,16.36,9.56,25.26,14.7,8.64,26.62,3.05
1969,2019-02-12,7456.02,0.0001,50.63,1.54,7.97,7.06,5.69,9.7,29.32,12.87,5.44,12.09,6.44,28.15,8.98,22.7,13.42,25.76,7.97,19.8,8.55,22.29,31.38,8.55,38.45,16.17,9.48,25.18,14.78,8.6,26.5,3.08
1970,2019-02-13,7600.124,0.0001,52.7,1.57,8.09,7.17,5.86,9.76,29.84,13.28,5.87,12.32,6.49,28.6,9.19,23.29,13.48,26.0,8.09,19.82,8.71,23.4,31.51,8.65,38.55,16.15,9.53,25.5,15.13,8.7,27.23,3.2
1971,2019-02-14,7595.427,0.0001,53.19,1.56,8.07,7.18,5.84,9.75,29.86,13.38,5.74,12.71,6.46,28.86,9.16,23.14,13.17,26.11,8.07,19.8,8.65,24.2,31.2,8.85,39.46,16.51,9.64,25.98,15.81,8.63,26.83,3.17
1972,2019-02-15,7451.411,0.0001,52.0,1.54,8.0,7.02,5.75,9.46,29.15,12.67,5.73,12.48,6.45,28.76,9.09,22.46,13.0,25.22,8.0,19.77,8.56,23.68,31.59,8.84,38.33,15.78,9.48,25.42,15.75,8.46,26.3,3.25
1973,2019-02-18,7667.191999999999,0.0001,53.22,1.58,8.28,7.13,5.9,9.91,29.87,12.95,5.83,13.42,6.66,29.29,9.32,23.45,13.25,26.2,8.28,20.1,8.84,24.95,32.2,9.02,39.06,16.14,9.74,25.82,16.23,8.56,26.9,3.4
1974,2019-02-19,7659.68,0.0001,54.5,1.58,8.18,7.14,5.88,9.61,29.88,12.79,5.76,13.37,6.62,28.96,9.27,24.2,13.53,25.56,8.18,19.78,8.69,27.39,32.81,8.95,38.2,16.06,9.51,25.43,16.54,8.74,26.21,3.39
1975,2019-02-20,7680.8369999999995,0.0001,56.31,1.58,8.26,7.18,5.9,9.69,30.15,13.14,5.83,13.2,6.63,28.31,9.35,25.18,13.67,25.23,8.26,19.23,8.7,26.49,33.35,9.11,37.91,16.0,9.37,25.55,16.03,8.74,25.86,3.51
1976,2019-02-21,7658.995,0.0001,56.8,1.57,8.14,7.11,5.87,9.75,30.08,12.86,5.79,13.55,6.54,28.31,9.28,24.45,13.52,25.05,8.14,19.21,8.52,26.09,34.08,8.92,38.0,15.98,9.23,25.5,16.47,8.67,25.82,3.49
1977,2019-02-22,7834.793000000001,0.0001,58.97,1.59,8.28,7.15,5.88,10.36,30.63,12.89,5.96,14.04,6.59,28.02,9.38,25.96,13.74,25.35,8.28,19.55,8.84,26.97,33.13,8.99,37.91,15.96,9.38,25.5,18.12,8.71,25.6,3.48
1978,2019-02-25,8315.488000000001,0.0001,59.45,1.69,8.73,7.57,6.07,10.92,32.52,13.62,6.23,14.53,6.99,29.56,10.32,28.56,14.28,26.58,8.73,20.09,9.1,28.9,33.99,9.3,39.1,16.7,9.81,26.51,19.93,8.96,26.56,3.74
1979,2019-02-26,8199.251,0.0001,56.93,1.82,8.86,7.64,6.0,10.8,31.49,13.23,6.12,15.14,7.08,29.41,11.28,28.55,14.4,28.37,8.86,19.51,8.85,28.46,33.21,9.28,39.7,16.45,9.93,26.27,19.08,8.85,25.9,3.69
1980,2019-02-27,8213.096,0.0001,55.88,1.79,8.79,7.53,6.04,10.4,31.71,13.3,6.69,14.98,7.12,29.15,10.96,29.3,14.79,28.48,8.79,18.41,8.64,29.47,32.94,9.17,38.94,16.66,9.74,26.63,20.98,8.85,25.39,3.63
1981,2019-02-28,8173.605,0.0001,57.26,1.77,8.9,7.5,6.01,10.39,31.74,13.21,6.43,14.08,7.09,29.24,10.66,28.38,14.85,28.78,8.9,18.48,8.65,28.93,32.6,9.22,38.28,16.48,9.86,27.04,18.88,8.93,25.24,3.58
1982,2019-03-01,8367.776,0.0001,59.5,1.8,8.93,7.61,6.08,10.72,32.9,13.35,6.55,14.23,7.14,29.33,10.78,31.1,15.59,28.71,8.93,18.56,8.72,28.71,32.43,9.28,39.23,17.17,9.82,27.81,18.5,8.88,25.86,3.63
1983,2019-03-04,8427.624,0.0001,58.89,1.83,8.97,7.7,6.11,11.54,32.69,13.9,6.57,14.05,7.2,29.59,10.91,31.02,15.89,29.57,8.97,19.17,8.8,31.58,32.95,9.39,40.29,17.43,9.97,27.97,19.15,8.87,26.3,3.63
1984,2019-03-05,8444.396999999999,0.0001,57.86,1.84,9.12,7.71,6.09,11.48,32.35,14.16,6.85,13.82,7.29,30.63,11.13,30.71,16.68,29.62,9.12,19.12,8.87,33.99,32.43,9.49,39.95,17.53,10.22,27.74,21.07,8.83,25.88,3.61
1985,2019-03-06,8526.996,0.0001,57.11,2.02,9.12,7.82,6.13,11.57,32.22,13.99,6.92,14.58,7.4,30.56,11.39,31.48,17.36,29.85,9.12,19.11,8.79,36.8,33.03,9.53,39.77,17.26,10.62,27.32,20.8,8.9,25.91,3.7
1986,2019-03-07,8448.375,0.0001,56.42,2.07,9.48,7.78,6.08,11.22,31.3,13.53,6.86,14.33,7.31,30.5,11.8,30.35,16.86,28.79,9.48,18.76,8.6,40.48,32.75,9.49,39.28,16.7,10.46,26.53,20.84,8.79,25.6,3.77
1987,2019-03-08,8095.8769999999995,0.0001,56.19,1.91,8.9,7.38,5.85,11.08,30.78,13.04,6.47,13.59,6.91,30.0,10.85,28.16,16.18,27.58,8.9,18.94,8.26,44.53,31.9,9.0,37.51,15.72,9.84,26.35,19.18,8.45,24.78,3.55
1988,2019-03-11,8212.658000000001,0.0001,57.15,1.96,9.15,7.41,5.87,11.18,30.53,13.03,6.88,13.9,7.12,30.34,11.19,28.8,16.86,28.65,9.15,20.83,8.38,46.3,31.99,9.43,37.94,16.14,10.6,26.81,21.1,8.49,26.03,3.61
1989,2019-03-12,8270.976999999999,0.0001,56.87,1.95,9.13,7.48,5.98,11.76,30.66,13.03,7.5,13.88,7.2,30.91,11.3,28.6,17.13,29.09,9.13,22.91,8.4,50.93,32.2,9.53,38.19,15.87,10.52,26.89,23.21,8.5,26.43,3.6
1990,2019-03-13,8235.776,0.0001,56.34,1.93,9.16,7.39,5.89,11.51,31.04,13.25,7.13,13.41,7.08,30.17,11.48,28.74,17.58,30.28,9.16,23.4,8.32,48.82,32.2,9.37,37.58,16.06,10.28,26.37,25.53,8.46,26.75,3.56
1991,2019-03-14,8190.509,0.0001,57.26,1.86,8.93,7.3,5.93,11.66,31.45,13.25,6.95,13.0,7.0,30.25,11.29,28.38,17.64,29.06,8.93,21.15,8.25,50.39,30.94,9.19,38.93,16.1,10.38,26.32,24.1,8.41,26.52,3.45
1992,2019-03-15,8276.989,0.0001,57.78,1.87,9.06,7.32,5.94,12.38,31.67,13.78,6.91,13.37,7.09,30.32,11.69,28.75,18.0,29.42,9.06,21.5,8.31,45.35,30.5,9.33,38.94,16.86,10.27,26.59,25.32,8.44,26.41,3.48
1993,2019-03-18,8499.357,0.0001,58.51,1.95,9.33,7.57,6.06,12.99,32.36,14.4,7.07,13.6,7.53,31.01,11.87,29.6,18.9,30.62,9.33,21.76,8.65,47.31,30.97,9.62,41.55,17.26,10.68,28.56,24.2,8.59,27.22,3.56
1994,2019-03-19,8456.279,0.0001,58.9,1.92,9.24,7.51,6.05,12.8,32.03,14.24,7.1,13.46,7.37,30.89,11.89,29.57,19.16,30.14,9.24,22.27,8.74,52.04,31.1,9.53,40.98,17.09,11.0,28.05,23.78,8.57,27.0,3.55
1995,2019-03-20,8468.344000000001,0.0001,58.03,1.91,9.23,7.45,6.0,13.1,32.27,14.37,7.18,13.72,7.41,30.27,11.54,29.42,18.31,29.94,9.23,21.86,8.66,51.4,30.63,9.72,40.81,16.72,10.81,27.96,24.75,8.53,26.73,3.54
1996,2019-03-21,8467.81,0.0001,58.05,1.92,9.27,7.42,6.01,13.12,31.98,14.14,7.13,13.69,7.34,30.47,11.56,29.4,18.63,29.81,9.27,22.09,8.6,53.5,32.19,9.93,40.3,16.68,10.88,27.63,25.2,8.5,26.75,3.64
1997,2019-03-22,8450.748,0.0001,59.95,1.91,9.24,7.41,5.98,12.87,32.35,13.94,7.0,14.31,7.28,30.07,11.56,28.89,19.56,29.76,9.24,21.74,8.6,54.7,32.0,9.79,40.19,16.67,10.83,27.92,26.9,8.51,26.68,3.59
1998,2019-03-25,8244.836,0.0001,57.05,1.86,9.4,7.2,5.82,12.31,31.17,13.46,6.81,14.05,7.16,29.41,11.1,27.32,20.54,28.86,9.4,20.87,8.34,60.17,32.42,9.88,39.15,16.35,10.56,27.17,25.4,8.36,26.6,3.52
1999,2019-03-26,8160.721,0.0001,57.06,1.8,9.19,7.1,5.7,12.09,31.49,13.33,6.58,13.92,7.05,29.51,10.9,26.9,19.86,28.28,9.19,20.81,8.26,60.2,32.84,9.46,38.22,16.43,10.3,27.35,23.3,8.24,26.02,3.5
2000,2019-03-27,8251.435,0.0001,58.06,1.79,9.2,7.13,5.72,12.3,32.4,13.69,6.63,13.46,7.03,29.66,10.9,26.99,20.3,29.03,9.2,21.06,8.3,60.56,32.42,9.95,40.55,16.92,10.46,28.2,22.52,8.25,25.84,3.47
2001,2019-03-28,8213.354,0.0001,59.62,1.76,8.97,7.08,5.64,12.06,32.52,13.38,6.63,13.25,7.05,29.15,10.78,26.38,20.3,28.61,8.97,20.7,8.32,54.5,31.63,9.52,41.13,16.48,10.21,28.3,21.86,8.17,26.02,3.45
2002,2019-03-29,8533.62,0.0001,62.15,1.83,9.25,7.23,5.74,12.78,33.92,14.24,6.79,13.43,7.26,29.93,11.15,28.32,20.3,29.78,9.25,21.11,8.64,55.5,31.08,9.69,43.17,17.11,10.61,29.11,22.71,8.34,26.8,3.51
2003,2019-04-01,8734.314,0.0001,61.71,1.89,9.59,7.54,5.84,12.95,34.08,14.67,6.98,13.93,7.33,30.8,11.5,28.82,20.3,30.47,9.59,21.69,8.78,61.05,31.43,10.06,46.15,18.08,11.08,29.77,23.25,8.48,28.22,3.65
2004,2019-04-02,8739.202,0.0001,62.07,1.9,9.59,7.58,5.81,12.63,34.49,14.44,6.94,15.32,7.34,30.65,11.8,28.9,20.3,30.06,9.59,21.77,8.9,58.96,31.9,9.99,46.16,17.87,10.89,29.31,23.99,8.46,28.0,3.66
2005,2019-04-03,8864.668,0.0001,62.17,1.9,9.85,7.78,5.86,12.92,34.86,14.61,6.98,15.1,7.64,30.87,11.64,28.9,20.3,30.0,9.85,21.22,9.3,58.23,31.7,10.12,48.6,18.17,10.85,29.33,24.14,8.52,28.2,3.7
2006,2019-04-04,8957.266,0.0001,62.57,1.89,10.18,7.76,5.93,13.36,35.59,14.55,6.91,15.67,7.75,30.7,11.78,29.35,20.3,29.61,10.18,21.4,9.29,59.25,31.85,10.25,49.1,18.24,10.82,29.78,23.79,8.53,28.12,3.73
2007,2019-04-08,8959.029,0.0001,61.06,1.94,10.28,7.98,6.03,13.8,35.93,14.46,6.77,15.31,7.76,31.2,11.8,30.12,22.33,29.2,10.28,20.9,9.22,57.99,31.63,10.56,48.5,18.1,10.62,28.62,22.7,8.59,27.89,3.75
2008,2019-04-09,8960.030999999999,0.0001,61.5,1.9,10.01,7.84,5.96,13.56,35.23,14.92,6.8,15.15,7.81,32.67,11.52,29.36,24.56,30.7,10.01,21.07,9.18,57.1,30.99,10.36,48.4,18.47,10.68,31.0,23.07,8.47,29.19,3.69
2009,2019-04-10,8984.23,0.0001,62.88,1.88,9.88,7.81,5.9,14.0,35.07,14.65,6.77,15.28,7.72,33.14,11.49,29.07,27.02,31.75,9.88,20.9,9.45,58.9,31.44,10.19,48.56,18.14,11.75,31.49,22.33,8.5,28.73,3.68
2010,2019-04-11,8824.336,0.0001,61.44,1.85,9.83,7.68,5.83,13.18,34.96,14.2,6.62,15.0,7.57,32.4,11.29,28.65,29.72,30.3,9.83,21.49,9.17,56.5,30.76,10.12,47.8,17.44,12.93,30.32,21.95,8.37,28.2,3.61
2011,2019-04-12,8807.146999999999,0.0001,60.77,1.84,9.66,7.57,5.82,12.98,34.8,13.9,6.62,14.65,7.57,31.8,11.22,28.59,26.87,30.1,9.66,21.65,9.22,56.3,30.19,10.13,48.8,17.22,14.22,30.0,22.0,8.42,27.97,3.55
2012,2019-04-15,8784.64,0.0001,61.15,1.84,9.49,7.52,5.81,12.87,34.82,13.84,6.59,14.71,7.55,31.62,11.09,28.96,26.95,29.3,9.49,21.16,8.98,53.8,29.92,10.02,47.18,17.15,13.86,30.0,21.72,8.45,27.8,3.52
2013,2019-04-16,9037.239,0.0001,62.5,1.86,9.72,7.67,5.9,13.22,36.0,14.48,6.93,14.98,7.72,33.0,11.48,30.1,26.15,29.86,9.72,21.27,9.09,55.68,30.2,10.34,47.79,17.63,14.26,30.87,21.99,8.55,28.36,3.63
2014,2019-04-17,9029.683,0.0001,63.0,1.86,9.7,7.66,5.88,13.11,35.83,14.19,6.85,15.6,7.66,32.79,11.47,29.84,26.89,30.0,9.7,21.73,9.1,55.74,30.16,10.38,47.85,17.78,15.69,30.78,22.18,8.5,28.17,3.59
2015,2019-04-18,9004.301,0.0001,64.08,1.84,9.61,7.72,5.85,13.16,35.5,14.0,6.87,15.15,7.61,32.79,11.26,30.09,29.58,29.41,9.61,21.53,9.27,55.8,29.89,10.2,50.8,17.87,14.3,30.84,21.63,8.47,27.8,3.56
2016,2019-04-19,9092.91,0.0001,66.56,1.86,9.61,7.74,5.87,13.13,36.0,14.2,7.15,15.92,7.71,32.49,11.37,31.38,31.46,29.72,9.61,21.6,9.15,57.91,29.91,10.16,50.0,18.36,13.95,31.14,21.44,8.48,28.28,3.57
2017,2019-04-22,8887.019,0.0001,66.5,1.83,9.43,7.58,5.93,12.19,34.8,13.4,7.23,15.65,7.52,32.61,11.2,29.88,29.9,29.15,9.43,21.16,9.12,58.56,30.45,10.26,49.45,17.68,14.26,30.98,22.44,8.46,27.6,3.54
2018,2019-04-23,8886.282,0.0001,69.23,1.82,9.24,7.55,5.88,12.29,35.23,13.4,7.03,15.35,7.29,32.11,11.52,30.13,26.91,28.93,9.24,21.25,8.87,55.0,29.71,9.99,49.37,17.7,13.09,30.48,23.82,8.36,27.09,3.47
2019,2019-04-24,8895.324,0.0001,67.9,1.81,9.6,7.56,5.82,12.33,35.8,13.36,7.1,16.6,7.37,32.14,11.54,29.7,25.46,29.14,9.6,21.31,9.1,57.89,29.5,10.0,49.3,17.47,13.4,30.74,22.47,8.37,27.57,3.49
2020,2019-04-25,8724.47,0.0001,68.45,1.78,9.18,7.23,5.73,11.88,35.43,13.3,6.82,15.58,7.11,31.59,11.65,29.49,25.15,28.58,9.18,21.13,9.0,55.93,29.25,9.67,48.09,17.02,12.26,30.45,21.26,8.38,27.09,3.39
2021,2019-04-26,8617.251,0.0001,66.08,1.73,9.05,7.19,5.66,11.92,34.36,13.24,6.71,14.42,6.94,30.68,10.97,30.08,23.81,28.33,9.05,19.87,9.27,54.77,29.51,9.5,48.59,16.75,12.13,30.0,20.62,8.25,24.9,3.33
2022,2019-04-29,8673.135,0.0001,70.5,1.68,8.78,7.16,5.66,12.3,35.33,13.46,6.71,13.88,6.83,31.05,10.17,30.99,23.0,28.88,8.78,19.85,9.73,49.29,28.42,9.36,47.1,16.67,11.51,30.75,19.78,8.38,25.1,3.31
2023,2019-04-30,8702.258,0.0001,70.63,1.7,9.05,7.17,5.68,12.25,34.45,13.49,6.67,14.3,6.81,31.17,10.27,30.3,23.33,29.1,9.05,19.93,9.77,49.5,29.17,9.46,51.0,17.18,11.96,31.0,20.24,8.52,25.35,3.32
2024,2019-05-06,8240.224,0.0001,66.9,1.59,8.35,6.9,5.44,11.4,33.91,12.83,6.06,13.19,6.35,29.77,9.53,27.58,21.0,26.56,8.35,18.74,9.5,44.55,29.42,9.38,50.0,16.32,10.76,30.0,18.22,8.27,24.1,3.18
2025,2019-05-07,8283.601,0.0001,71.38,1.61,8.36,6.87,5.45,12.12,33.71,12.94,6.08,13.8,6.36,29.69,9.69,27.67,20.98,26.99,8.36,18.96,9.67,43.8,29.05,10.13,52.15,16.76,11.08,30.55,18.18,8.25,23.99,3.21
2026,2019-05-08,8154.0,0.0001,68.97,1.6,8.35,6.74,5.38,11.85,33.13,12.84,5.97,13.61,6.32,29.5,9.73,27.0,21.3,26.65,8.35,18.5,9.48,45.07,30.69,10.37,50.71,16.49,10.86,30.14,18.15,8.16,23.3,3.28
2027,2019-05-09,8000.201999999999,0.0001,67.54,1.62,8.28,6.68,5.35,11.86,32.42,12.51,5.82,13.5,6.28,29.11,9.84,26.0,20.55,25.71,8.28,18.38,9.4,45.83,30.39,10.36,47.88,15.9,10.74,29.18,17.83,8.1,23.5,3.2
2028,2019-05-10,8282.089,0.0001,72.6,1.65,8.44,6.87,5.43,12.45,33.61,12.97,6.07,13.87,6.4,29.66,10.2,27.01,21.52,26.5,8.44,18.94,9.88,50.41,30.6,10.45,51.11,16.43,11.25,30.26,18.82,8.21,23.95,3.25
2029,2019-05-13,8139.483,0.0001,70.46,1.61,8.24,6.76,5.37,12.21,32.8,12.81,5.95,13.58,6.28,29.51,10.02,25.43,20.72,25.94,8.24,18.42,9.97,51.18,30.84,10.79,52.66,15.74,10.89,30.4,18.69,8.15,23.57,3.2
2030,2019-05-14,8086.882,0.0001,68.5,1.6,8.05,6.67,5.36,11.96,32.56,12.84,5.99,13.73,6.24,29.18,10.13,25.73,20.68,25.71,8.05,18.4,9.6,49.35,31.78,10.38,52.19,15.79,10.82,30.02,19.17,8.17,23.11,3.25
2031,2019-05-15,8257.306999999999,0.0001,70.56,1.61,8.19,6.8,5.4,12.14,33.63,12.95,6.09,13.45,6.32,29.86,10.19,26.12,21.09,26.37,8.19,18.86,9.89,50.55,31.55,10.7,53.92,16.27,11.27,31.03,19.32,8.19,23.61,3.26
2032,2019-05-16,8300.351,0.0001,73.52,1.76,8.38,6.84,5.44,12.15,33.67,12.98,6.03,13.73,6.39,30.35,11.21,26.03,21.27,26.6,8.38,19.62,10.14,49.5,31.92,11.28,54.3,16.38,11.17,31.4,19.21,8.27,24.05,3.31
2033,2019-05-17,8102.991,0.0001,71.26,1.64,8.09,6.76,5.41,11.7,33.31,12.62,5.85,13.28,6.24,29.86,10.99,25.35,20.02,25.87,8.09,19.15,10.0,50.84,30.93,11.95,52.28,15.78,10.38,30.41,18.36,8.2,23.58,3.21
2034,2019-05-20,8047.993,0.0001,69.06,1.68,8.07,6.75,5.46,11.59,33.28,12.57,5.88,12.9,6.19,29.59,11.6,25.52,20.04,25.2,8.07,18.86,9.95,53.15,29.71,11.23,51.99,15.82,10.28,30.08,18.54,8.18,23.18,3.19
2035,2019-05-21,8138.155,0.0001,69.53,1.78,8.3,6.76,5.48,11.89,33.63,12.7,6.02,13.1,6.31,29.87,12.76,25.76,20.36,25.71,8.3,18.99,9.96,55.49,29.8,11.4,51.65,16.22,10.51,30.25,19.45,8.19,23.7,3.24
2036,2019-05-22,8102.568,0.0001,70.01,1.71,8.2,6.66,5.45,11.95,33.53,12.74,5.96,12.9,6.22,29.87,12.73,25.45,20.26,25.75,8.2,19.12,10.2,61.04,29.92,10.81,50.85,16.06,10.29,30.3,19.17,8.21,23.4,3.23
2037,2019-05-23,7985.031,0.0001,68.9,1.7,8.09,6.62,5.46,11.9,33.35,12.57,5.84,12.82,6.16,29.48,13.01,25.14,20.08,25.27,8.09,19.1,10.03,59.12,29.36,10.04,48.94,16.11,10.05,29.91,19.97,8.17,23.21,3.19
2038,2019-05-24,8010.02,0.0001,68.03,1.67,8.03,6.66,5.39,12.03,33.6,12.57,5.72,12.81,6.2,29.5,12.05,25.3,19.63,25.1,8.03,19.05,9.91,58.28,29.5,9.72,49.5,16.12,10.14,29.9,19.12,8.21,23.28,3.2
2039,2019-05-27,8093.378000000001,0.0001,68.1,1.68,8.27,6.75,5.43,12.31,33.78,12.68,5.86,12.86,6.28,29.66,12.45,25.66,20.17,25.26,8.27,19.13,10.0,64.11,29.81,10.0,49.4,16.15,10.94,30.01,19.63,8.24,23.54,3.22
2040,2019-05-28,8168.015,0.0001,70.1,1.69,8.21,7.0,5.44,12.65,34.38,12.38,6.05,12.88,6.29,29.86,12.44,25.71,20.15,25.56,8.21,19.67,10.15,63.82,29.95,10.17,49.5,16.3,10.71,30.35,20.14,8.43,23.86,3.23
2041,2019-05-29,8164.685,0.0001,68.86,1.75,8.22,6.94,5.41,12.58,34.25,12.23,5.97,12.66,6.26,29.59,13.52,26.95,20.04,25.29,8.22,19.38,10.0,61.99,30.47,10.73,48.65,16.05,10.59,29.92,20.11,8.36,23.57,3.23
2042,2019-05-30,8123.604,0.0001,69.56,1.72,8.34,6.92,5.47,12.35,34.3,12.17,5.93,12.57,6.2,29.35,12.96,26.37,19.49,24.88,8.34,18.53,9.82,58.91,29.99,11.07,48.89,15.86,10.4,30.06,20.19,8.45,23.34,3.21
2043,2019-05-31,8092.02,0.0001,69.14,1.76,8.25,6.3,5.43,12.07,34.21,12.16,5.93,12.51,6.19,29.22,13.13,26.12,19.51,24.74,8.25,18.3,9.8,57.59,31.09,10.76,48.61,15.9,10.3,30.01,19.99,8.36,23.63,3.25
2044,2019-06-03,8106.392,0.0001,69.65,1.74,8.11,6.38,5.44,11.96,34.4,12.18,6.09,12.21,6.15,29.34,12.83,26.21,19.3,24.66,8.11,17.5,9.93,58.99,32.29,11.35,47.32,16.05,10.12,30.59,20.25,8.44,23.63,3.34
2045,2019-06-04,8038.391,0.0001,70.01,1.69,7.95,6.35,5.43,11.97,34.03,12.15,6.13,12.23,6.1,28.13,12.39,26.04,17.9,23.91,7.95,17.27,9.93,57.49,32.67,10.38,45.9,15.78,10.1,30.29,19.88,8.42,23.44,3.31
2046,2019-06-05,8035.055,0.0001,69.5,1.7,7.99,6.34,5.48,12.09,33.95,12.56,6.33,12.32,6.09,28.1,12.46,26.06,17.69,22.81,7.99,17.28,9.89,56.54,33.46,11.38,45.14,15.73,10.09,30.12,20.17,8.44,23.0,3.36
2047,2019-06-06,7978.565,0.0001,69.8,1.71,7.84,6.3,5.48,11.95,33.9,12.54,6.08,12.51,6.02,28.02,12.82,26.07,17.15,22.45,7.84,17.24,9.72,56.0,32.97,11.17,45.1,15.56,10.03,30.0,19.43,8.38,22.64,3.3
2048,2019-06-10,8073.0109999999995,0.0001,73.6,1.7,7.98,6.35,5.54,12.21,34.74,12.79,6.17,12.76,6.04,27.7,12.73,26.45,17.23,22.67,7.98,17.47,9.87,56.1,32.8,11.27,46.3,15.97,10.1,30.68,19.48,8.46,23.05,3.25
2049,2019-06-11,8300.295,0.0001,75.72,1.76,8.27,6.47,5.3,12.92,35.42,12.93,6.28,12.98,6.31,28.5,13.71,27.06,18.58,23.58,8.27,17.94,10.28,58.0,32.83,11.65,48.81,16.42,10.48,32.43,20.63,8.51,24.02,3.32
2050,2019-06-12,8246.759,0.0001,74.13,1.78,8.26,6.4,5.26,12.9,35.33,12.84,6.18,12.65,6.24,28.48,14.32,26.79,18.44,23.27,8.26,17.94,10.27,56.44,34.34,12.18,47.82,16.31,10.38,31.75,20.38,8.47,23.99,3.42
2051,2019-06-13,8242.597,0.0001,73.93,1.76,8.29,6.39,5.25,12.95,35.25,12.73,6.16,12.68,6.21,28.44,13.99,26.79,18.38,23.51,8.29,17.78,10.12,55.91,34.4,11.85,47.42,16.24,10.77,31.56,20.45,8.4,23.78,3.4
2052,2019-06-14,8186.535,0.0001,73.16,1.72,8.25,6.38,5.21,12.79,35.35,12.88,6.07,12.54,6.15,28.41,13.62,26.58,19.84,23.28,8.25,17.78,9.87,54.38,35.49,11.49,47.2,16.33,10.28,31.78,19.77,8.48,23.4,3.48
2053,2019-06-17,8201.24,0.0001,74.84,1.73,8.23,6.42,5.23,12.75,35.6,12.84,6.07,12.66,6.17,28.67,13.8,26.74,19.39,24.18,8.23,17.61,9.86,51.54,34.88,11.54,45.5,16.14,10.36,31.51,19.7,8.39,23.37,3.43
2054,2019-06-18,8228.213,0.0001,75.37,1.7,8.24,6.42,5.26,12.88,36.02,12.8,6.07,12.69,6.17,28.42,13.28,26.83,19.0,23.87,8.24,17.59,10.06,51.06,36.02,11.21,46.01,16.33,10.39,31.52,19.69,8.46,23.31,3.47
2055,2019-06-19,8332.735,0.0001,76.55,1.71,8.42,6.46,5.29,12.9,36.8,12.84,6.1,12.83,6.23,28.62,13.13,26.82,19.21,24.09,8.42,18.01,10.13,51.47,35.5,11.22,47.19,16.53,10.45,31.75,19.98,8.62,23.47,3.47
2056,2019-06-20,8603.198,0.0001,78.8,1.72,8.51,6.51,5.36,13.18,38.38,13.2,6.25,13.04,6.31,28.95,12.94,28.38,19.98,24.82,8.51,18.53,10.49,53.2,37.26,11.27,48.65,16.99,10.71,32.62,20.3,8.76,23.78,3.63
2057,2019-06-21,8609.729,0.0001,78.24,1.74,8.52,6.54,5.41,13.13,37.69,13.01,6.27,13.05,6.35,28.94,12.98,28.26,20.85,25.22,8.52,18.78,10.61,55.8,39.3,11.21,47.7,16.98,10.87,32.32,20.4,8.76,23.89,3.73
2058,2019-06-24,8634.219000000001,0.0001,79.14,1.75,8.54,6.66,5.4,13.18,37.96,13.06,6.23,13.21,6.33,28.86,13.2,28.48,20.52,25.35,8.54,18.93,10.43,55.45,40.45,11.64,48.11,17.17,10.74,32.33,20.16,8.81,23.86,3.75
2059,2019-06-25,8541.471,0.0001,78.49,1.72,8.37,6.57,5.39,13.05,36.13,12.88,6.15,13.01,6.24,28.51,12.66,27.92,21.0,24.98,8.37,18.6,10.17,54.0,44.5,11.35,47.78,16.98,10.58,32.44,21.22,8.75,23.41,3.92
2060,2019-06-26,8515.753,0.0001,79.2,1.7,8.4,6.52,5.46,12.95,35.47,12.77,6.17,13.02,6.25,28.91,12.5,28.0,23.1,25.86,8.4,18.76,10.23,53.3,41.0,10.88,47.81,17.27,10.6,32.83,20.54,8.76,23.48,3.67
2061,2019-06-27,8600.136999999999,0.0001,81.27,1.7,8.47,6.54,5.43,12.95,36.45,12.82,6.21,13.03,6.24,29.11,12.55,28.47,23.2,25.92,8.47,18.88,10.21,53.65,40.9,10.91,50.05,17.32,10.75,33.11,20.44,8.15,23.38,3.73
2062,2019-06-28,8579.413,0.0001,83.78,1.69,8.29,6.5,5.47,13.08,35.98,12.76,6.16,13.02,6.23,29.0,12.84,28.32,23.6,25.3,8.29,18.64,10.21,53.67,41.17,10.73,49.93,17.29,10.62,33.41,20.52,8.09,23.09,3.77
2063,2019-07-01,8780.433,0.0001,86.5,1.71,8.45,6.6,5.48,13.4,36.9,13.02,6.33,13.4,6.29,29.65,12.59,29.76,24.0,26.29,8.45,18.87,10.45,54.9,39.76,10.76,50.78,17.8,10.99,34.26,21.18,8.2,23.48,3.74
2064,2019-07-02,8771.107,0.0001,84.43,1.69,8.55,6.64,5.44,13.19,36.52,13.2,6.3,13.62,6.23,30.88,12.49,29.35,25.89,26.54,8.55,18.93,10.33,52.85,41.07,10.77,50.45,17.98,11.02,34.47,20.89,8.27,23.49,3.78
2065,2019-07-03,8686.61,0.0001,82.86,1.67,8.41,6.61,5.38,12.92,36.15,13.36,6.2,13.69,6.18,30.92,12.19,29.03,27.74,26.67,8.41,19.03,10.28,51.25,42.47,10.87,49.34,17.94,10.81,33.55,20.69,8.2,23.41,3.83
2066,2019-07-04,8640.763,0.0001,79.75,1.67,8.35,6.61,5.45,12.86,36.08,13.64,6.21,13.76,6.2,30.96,12.22,28.75,26.86,26.51,8.35,19.15,10.05,51.62,41.16,10.58,47.89,17.78,10.73,33.41,20.52,8.1,23.69,3.72
2067,2019-07-05,8662.23,0.0001,81.4,1.67,8.36,6.59,5.42,12.87,36.47,13.54,6.2,13.69,6.19,31.03,12.2,29.37,25.19,26.81,8.36,19.0,9.98,51.23,41.86,10.73,48.31,17.78,10.77,33.47,20.73,8.11,24.5,3.76
2068,2019-07-08,8455.934000000001,0.0001,79.79,1.62,8.03,6.44,5.33,12.7,35.56,13.44,6.01,13.41,6.06,30.16,11.61,28.3,24.76,26.09,8.03,18.61,9.88,47.17,40.66,10.38,47.58,17.46,10.2,32.98,20.75,7.99,24.2,3.7
2069,2019-07-09,8423.575,0.0001,80.39,1.63,8.02,6.42,5.26,12.67,35.29,13.48,5.96,13.89,6.07,30.24,11.67,28.41,24.09,26.24,8.02,18.4,9.83,48.06,39.99,10.3,47.83,17.43,10.25,33.27,19.53,7.94,23.96,3.65
2070,2019-07-10,8406.644,0.0001,81.4,1.62,7.92,6.35,5.2,12.48,35.12,13.46,5.92,13.41,6.05,29.97,11.39,28.27,23.76,27.32,7.92,18.76,9.98,49.07,38.9,10.15,47.54,17.31,10.1,33.16,18.92,7.87,23.88,3.58
2071,2019-07-11,8411.942,0.0001,80.18,1.61,7.97,6.34,5.22,12.82,35.9,13.47,5.96,13.52,6.04,29.95,11.34,29.2,23.66,27.21,7.97,18.56,9.9,47.81,41.4,10.11,46.76,17.31,10.11,33.88,18.62,7.87,23.3,3.58
2072,2019-07-12,8454.018,0.0001,81.93,1.61,8.54,6.33,5.24,13.13,35.4,13.55,5.96,13.62,6.09,30.02,11.29,30.67,23.25,27.13,8.54,18.52,10.05,47.74,40.67,10.12,46.94,17.31,10.12,33.83,18.86,7.85,23.56,3.52
2073,2019-07-15,8475.35,0.0001,81.0,1.61,8.38,6.25,5.26,13.43,35.3,13.35,5.98,13.73,6.11,29.79,11.59,30.68,25.1,27.46,8.38,18.5,10.0,52.19,40.95,10.25,46.99,17.44,10.26,33.72,18.95,7.88,23.33,3.55
2074,2019-07-16,8437.619,0.0001,79.6,1.61,8.27,6.25,5.3,13.42,35.31,13.52,6.0,13.51,6.11,29.32,11.72,30.13,24.91,27.33,8.27,18.35,9.91,51.59,40.88,10.22,46.24,17.19,10.27,32.69,18.91,7.84,23.5,3.57
2075,2019-07-17,8422.752,0.0001,80.53,1.62,8.56,6.25,5.28,13.44,35.21,13.56,5.99,13.53,6.12,29.11,11.71,30.06,25.13,26.88,8.56,18.33,9.91,52.45,39.76,10.56,47.06,16.94,10.37,32.48,19.38,7.88,23.64,3.52
2076,2019-07-18,8359.775,0.0001,81.01,1.62,8.36,6.22,5.24,13.71,35.32,13.55,5.92,13.19,6.05,28.96,11.94,30.08,24.46,26.44,8.36,18.01,9.38,50.2,40.05,10.6,47.24,16.71,10.1,32.11,19.0,7.79,23.22,3.53
2077,2019-07-19,8450.928,0.0001,81.51,1.62,8.68,6.27,5.29,13.61,36.37,14.38,5.93,13.24,6.08,28.87,11.85,30.13,24.38,26.15,8.68,18.07,9.74,50.76,42.24,10.46,47.1,16.81,10.25,32.25,19.33,7.79,23.29,3.67
2078,2019-07-22,8385.146,0.0001,82.06,1.58,8.57,6.19,5.26,13.71,36.37,14.5,5.83,13.02,6.02,28.3,11.04,30.25,22.85,26.48,8.57,18.22,9.44,48.68,41.3,9.97,46.58,16.55,10.14,32.26,17.9,7.78,23.22,3.61
2079,2019-07-23,8403.43,0.0001,81.98,1.59,8.59,6.26,5.26,13.6,36.21,14.3,5.85,13.02,6.03,28.31,11.11,29.8,23.2,26.36,8.59,18.09,9.94,48.96,41.13,9.97,47.51,16.7,10.19,32.1,17.94,7.82,23.52,3.61
2080,2019-07-24,8470.346,0.0001,81.69,1.6,8.52,6.31,5.28,13.92,36.43,14.31,5.95,13.19,6.08,28.64,11.19,30.5,23.7,26.78,8.52,18.69,9.83,50.09,41.75,10.06,47.25,16.88,10.33,32.42,17.94,7.88,23.78,3.64
2081,2019-07-25,8530.857,0.0001,84.0,1.6,8.45,6.29,5.29,13.99,37.26,14.36,5.95,13.14,6.08,28.59,11.24,30.68,23.74,26.78,8.45,18.78,9.8,50.2,41.45,10.18,46.61,16.99,10.28,32.4,18.03,7.87,23.82,3.61
2082,2019-07-26,8555.360999999999,0.0001,85.05,1.59,8.35,6.29,5.28,14.65,37.22,14.48,5.96,13.15,6.08,28.33,11.19,30.3,24.09,27.06,8.35,18.75,9.73,49.33,40.84,10.14,46.1,16.83,10.26,32.34,18.1,7.85,24.32,3.58
2083,2019-07-29,8537.679,0.0001,84.98,1.58,8.19,6.32,5.25,14.34,36.83,14.47,5.98,13.19,6.07,27.77,11.23,29.93,24.75,26.73,8.19,18.93,9.67,49.26,40.95,10.13,46.4,16.68,10.25,32.24,17.98,7.89,24.25,3.57
2084,2019-07-30,8573.096,0.0001,84.26,1.59,8.19,6.38,5.26,14.31,36.77,14.62,5.97,13.16,6.1,28.29,11.19,30.36,24.56,26.81,8.19,18.84,9.72,49.5,41.92,10.0,46.11,16.88,10.28,31.95,18.04,7.92,24.01,3.63
2085,2019-07-31,8496.041,0.0001,82.78,1.58,8.08,6.38,5.27,14.12,36.56,14.21,5.93,12.99,6.04,28.36,11.24,29.69,25.07,26.3,8.08,18.86,9.67,48.59,42.13,10.1,45.31,16.83,10.16,31.2,17.27,7.9,24.0,3.66
2086,2019-08-01,8420.449,0.0001,82.01,1.56,8.12,6.26,5.23,14.19,36.2,13.83,5.87,12.62,6.03,28.04,11.07,29.57,24.23,25.96,8.12,18.7,9.43,47.14,40.1,9.95,44.51,16.88,10.04,31.32,16.89,7.89,24.0,3.58
2087,2019-08-02,8298.405999999999,0.0001,81.9,1.6,7.99,6.18,5.13,13.93,35.75,13.82,5.71,12.6,5.97,27.7,12.07,29.03,23.27,24.9,7.99,18.25,9.41,48.5,40.95,10.27,43.53,16.18,9.58,31.14,16.25,7.83,23.78,3.58
2088,2019-08-05,8140.868,0.0001,79.36,1.56,7.88,6.04,5.04,13.59,35.21,13.39,5.61,12.66,5.91,27.53,12.17,28.5,22.98,24.45,7.88,17.81,9.34,50.4,45.05,10.48,42.4,15.8,9.39,30.81,16.58,7.61,23.43,3.79
2089,2019-08-06,8049.286,0.0001,78.95,1.5,7.6,5.91,4.99,13.56,34.88,13.53,5.45,12.44,5.76,27.16,11.94,28.36,22.17,24.58,7.6,17.54,9.16,51.0,45.19,10.11,42.09,15.43,9.03,28.1,16.05,7.48,23.06,3.69
2090,2019-08-07,8022.371999999999,0.0001,79.01,1.52,7.59,5.86,4.97,13.58,34.53,13.72,5.42,12.41,5.77,27.51,12.31,27.9,21.79,24.32,7.59,17.86,9.07,48.7,46.89,10.2,42.24,15.41,9.01,28.16,16.19,7.49,22.77,3.78
2091,2019-08-08,8127.476,0.0001,80.75,1.51,7.62,5.9,4.98,13.56,35.36,13.76,5.45,12.65,5.56,27.47,11.96,28.1,21.79,24.9,7.62,17.83,9.39,47.73,46.07,10.04,44.26,15.15,9.06,28.06,16.05,7.6,22.8,3.8
2092,2019-08-09,8067.062,0.0001,80.15,1.49,7.47,5.89,4.98,13.48,34.99,13.51,5.29,12.65,5.51,27.36,11.78,28.17,21.79,24.91,7.47,17.55,9.55,49.13,46.1,9.78,44.61,15.19,8.92,27.4,15.67,7.6,22.45,3.73
2093,2019-08-12,8198.759,0.0001,81.37,1.5,7.6,5.92,4.99,13.71,35.41,13.92,5.41,13.19,5.55,27.4,11.4,28.55,21.79,25.34,7.6,17.8,9.47,49.99,46.09,9.85,45.7,15.38,9.06,28.14,15.8,7.66,23.03,3.71
2094,2019-08-13,8125.726,0.0001,80.78,1.49,7.55,5.87,4.94,13.26,34.85,13.68,5.41,13.28,5.5,27.09,11.4,27.7,21.79,24.78,7.55,17.85,9.35,51.33,49.96,9.73,46.1,15.06,9.02,28.21,15.6,7.54,22.83,3.83
2095,2019-08-14,8155.439,0.0001,81.5,1.49,7.59,5.89,4.97,13.11,34.86,13.63,5.42,13.28,5.51,27.5,11.24,27.75,21.79,24.96,7.59,17.96,9.31,50.7,48.84,9.68,46.26,15.15,9.04,28.23,15.59,7.52,22.72,3.72
2096,2019-08-15,8183.959,0.0001,82.07,1.49,7.57,5.85,4.97,13.3,34.87,13.95,5.74,13.2,5.45,27.61,11.15,28.04,23.97,25.16,7.57,17.92,9.49,55.77,50.59,9.63,46.05,14.88,9.06,28.14,15.51,7.45,22.56,3.71
2097,2019-08-16,8218.443000000001,0.0001,84.84,1.49,7.59,5.84,4.97,13.26,35.16,13.85,5.63,13.35,5.45,27.78,11.45,28.25,23.66,25.91,7.59,17.78,9.59,59.0,51.25,9.69,50.66,14.92,9.04,28.7,15.56,7.51,22.35,3.71
2098,2019-08-19,8387.787,0.0001,84.86,1.52,7.8,5.93,5.04,13.56,35.3,14.28,5.76,13.42,5.56,28.2,11.58,29.2,23.81,26.55,7.8,18.18,9.87,60.31,50.45,9.86,51.65,15.4,9.69,29.2,16.08,7.66,22.51,3.68
2099,2019-08-20,8377.396999999999,0.0001,83.96,1.52,7.78,5.92,5.05,13.95,35.33,14.45,5.98,13.22,5.57,28.17,11.62,28.81,24.18,26.58,7.78,18.14,9.9,60.26,37.6,10.16,51.7,15.51,9.43,28.97,16.18,7.69,22.23,3.7
2100,2019-08-21,8364.347,0.0001,85.0,1.51,7.75,5.91,5.03,13.66,35.45,14.54,6.15,12.99,5.53,28.09,11.38,29.04,23.77,26.1,7.75,17.82,9.82,60.76,37.0,10.03,51.58,15.31,9.45,28.18,16.98,7.66,22.63,3.66
2101,2019-08-22,8388.208,0.0001,85.75,1.5,7.79,5.89,5.01,13.4,35.34,14.36,6.15,13.35,5.5,28.1,11.39,28.91,23.8,26.41,7.79,17.71,9.81,59.22,36.36,9.98,52.58,15.25,9.55,28.29,16.63,7.75,22.33,3.62
2102,2019-08-23,8471.849,0.0001,87.19,1.5,7.75,5.92,5.01,14.11,36.27,14.47,6.05,13.37,5.48,28.75,11.57,29.41,22.98,27.5,7.75,17.4,9.83,58.6,36.39,9.93,52.7,15.24,9.47,28.6,16.44,7.77,22.17,3.63
2103,2019-08-26,8341.784,0.0001,86.84,1.49,7.61,5.85,4.97,13.78,35.0,14.44,5.97,13.3,5.4,28.79,11.64,28.71,22.59,28.41,7.61,17.23,9.84,58.46,38.1,10.08,52.1,15.13,9.21,28.17,16.01,7.68,21.01,3.69
2104,2019-08-27,8433.039,0.0001,87.5,1.51,7.78,5.95,4.99,13.83,34.75,14.37,6.04,14.36,5.48,28.63,11.7,29.55,22.82,28.25,7.78,17.4,9.81,59.44,39.2,10.18,52.08,15.67,9.4,28.65,16.19,7.65,20.9,3.69
2105,2019-08-28,8387.309000000001,0.0001,85.61,1.51,7.79,5.89,4.98,13.56,34.5,14.25,5.93,14.56,5.48,28.26,11.45,29.02,23.01,27.8,7.79,17.4,9.91,62.44,39.3,10.16,52.2,15.69,9.48,29.48,16.24,7.72,22.08,3.64
2106,2019-08-29,8359.241,0.0001,84.56,1.49,7.79,5.86,4.99,13.46,33.93,13.71,5.95,14.75,5.43,28.28,11.39,28.64,22.97,27.82,7.79,17.3,10.08,68.68,40.4,10.13,54.3,15.55,9.42,29.1,16.22,7.74,21.63,3.7
2107,2019-08-30,8380.367,0.0001,84.05,1.5,7.95,5.81,4.98,13.47,34.28,13.45,5.85,14.53,5.4,27.8,11.62,28.85,24.32,27.65,7.95,17.3,9.85,74.1,39.88,9.96,52.82,15.91,9.39,28.65,15.8,7.74,22.4,3.66
2108,2019-09-02,8467.969000000001,0.0001,85.26,1.51,8.07,5.87,5.02,13.73,34.34,13.48,5.95,14.46,5.7,27.87,11.64,28.93,24.71,28.2,8.07,18.0,9.77,81.51,39.54,10.07,52.88,15.99,9.69,28.58,15.97,7.82,22.13,3.62
2109,2019-09-03,8466.0,0.0001,83.98,1.52,8.0,5.89,5.02,13.59,34.15,13.3,5.99,14.4,5.74,27.85,11.65,28.86,24.85,27.93,8.0,18.55,9.45,85.0,39.45,10.11,52.21,15.75,9.62,28.41,16.05,7.8,22.1,3.57
2110,2019-09-04,8542.89,0.0001,83.95,1.53,8.05,6.1,5.09,13.85,34.89,13.87,6.07,14.3,6.09,27.88,11.68,29.26,24.37,28.09,8.05,19.17,9.35,86.3,39.84,10.13,52.0,15.86,9.71,28.53,16.2,7.86,23.58,3.59
2111,2019-09-05,8641.308,0.0001,84.4,1.54,8.07,6.07,5.11,14.6,35.52,13.71,6.03,14.91,6.2,28.23,11.82,29.6,24.9,28.71,8.07,19.5,9.36,86.78,40.0,10.14,51.11,15.97,9.76,29.02,16.47,7.87,23.47,3.63
2112,2019-09-06,8698.722,0.0001,86.0,1.53,8.12,6.06,5.15,14.75,35.89,13.77,6.19,15.64,6.2,28.19,11.67,29.6,24.51,28.7,8.12,19.9,9.21,83.7,38.0,10.07,50.71,16.02,9.74,29.13,16.41,7.88,23.55,3.54
2113,2019-09-09,8730.228000000001,0.0001,85.02,1.55,8.18,6.11,5.19,14.87,35.5,14.07,6.33,15.56,6.26,28.26,11.9,29.47,24.81,28.77,8.18,20.2,9.26,92.07,38.24,10.2,50.01,15.91,10.05,29.69,16.87,7.88,23.95,3.55
2114,2019-09-10,8702.25,0.0001,84.4,1.54,8.2,6.11,5.22,14.67,35.0,13.99,6.69,15.45,6.26,28.51,11.93,29.14,25.04,28.45,8.2,20.26,9.41,84.24,37.49,10.54,49.97,15.81,10.06,30.06,16.68,7.79,23.97,3.54
2115,2019-09-11,8665.569,0.0001,82.2,1.54,8.43,6.14,5.26,14.6,35.05,13.95,6.43,15.1,6.19,28.19,11.94,29.28,24.45,27.61,8.43,20.1,9.3,81.4,37.65,10.38,49.46,15.85,10.15,29.73,16.73,7.78,23.65,3.56
2116,2019-09-12,8766.49,0.0001,83.16,1.54,8.38,6.25,5.21,14.75,35.29,14.64,6.43,15.45,6.33,28.3,11.84,29.8,24.5,27.45,8.38,20.02,9.19,80.69,37.29,10.32,49.7,15.94,10.12,29.75,16.96,7.82,23.67,3.55
2117,2019-09-16,8728.732,0.0001,82.8,1.53,8.42,6.3,5.35,14.58,35.0,14.47,6.38,14.96,6.19,28.0,11.79,29.31,24.34,27.51,8.42,19.99,9.2,81.55,38.19,10.26,50.39,15.83,10.01,29.32,16.74,7.78,23.26,3.58
2118,2019-09-17,8579.57,0.0001,82.04,1.49,8.14,6.21,5.16,14.32,34.79,14.48,6.21,14.55,5.99,27.69,11.53,28.71,24.73,27.05,8.14,19.5,9.06,79.81,37.33,10.06,48.97,15.52,9.7,28.92,16.25,7.69,22.63,3.49
2119,2019-09-18,8620.257,0.0001,82.77,1.5,8.16,6.14,5.07,14.4,34.8,14.85,6.18,14.5,5.98,27.68,11.47,28.68,24.23,27.08,8.16,19.82,9.06,78.1,36.81,10.0,50.38,15.6,9.61,29.0,16.51,7.65,22.62,3.48
2120,2019-09-19,8634.287,0.0001,81.92,1.5,8.23,6.18,5.09,14.44,34.51,14.81,6.25,14.41,6.01,27.59,11.56,28.81,24.4,27.47,8.23,19.75,9.1,81.01,36.55,10.05,49.79,15.82,9.74,28.79,16.58,7.71,22.59,3.47
2121,2019-09-20,8655.884,0.0001,81.26,1.5,8.19,6.17,5.07,14.82,34.51,14.58,6.19,14.49,5.98,27.56,11.68,28.97,24.87,28.0,8.19,20.47,9.11,81.39,37.49,10.03,50.04,15.83,9.71,28.89,16.48,7.69,22.7,3.5
2122,2019-09-23,8555.828000000001,0.0001,80.65,1.49,8.04,6.12,5.05,14.44,34.04,14.48,6.11,14.33,5.91,27.39,11.37,28.63,25.2,27.35,8.04,20.68,8.95,85.2,37.63,9.92,49.58,15.67,9.48,28.39,16.17,7.6,22.8,3.45
2123,2019-09-24,8583.07,0.0001,79.89,1.49,8.04,6.07,5.04,14.34,34.08,14.39,6.19,14.17,5.92,27.72,11.29,28.5,24.76,26.96,8.04,21.5,8.98,81.84,37.71,9.88,49.1,15.46,9.48,28.3,16.08,7.65,22.39,3.44
2124,2019-09-25,8527.464,0.0001,80.68,1.48,7.89,6.01,5.01,14.4,34.35,14.35,6.13,14.5,5.85,27.12,11.15,28.15,24.37,25.69,7.89,21.15,9.08,75.41,37.32,9.69,49.13,15.15,9.3,27.84,16.03,7.67,22.14,3.41
2125,2019-09-26,8491.745,0.0001,80.35,1.47,7.78,6.03,5.0,14.39,35.22,14.46,6.03,14.01,5.82,27.0,10.73,28.11,22.24,25.12,7.78,20.62,8.96,72.89,34.18,9.7,48.86,15.25,9.09,28.05,15.51,7.66,22.06,3.31
2126,2019-09-27,8495.943000000001,0.0001,79.93,1.46,7.77,5.92,4.99,14.41,35.2,14.24,6.08,13.94,5.8,27.02,10.75,28.06,22.19,25.21,7.77,20.62,8.96,72.72,34.05,9.74,48.75,15.37,9.16,28.29,15.53,7.61,22.01,3.29
2127,2019-09-30,8409.485999999999,0.0001,79.78,1.46,7.92,5.91,5.02,14.28,34.75,14.3,6.01,13.9,5.83,26.9,10.87,27.48,22.01,25.27,7.92,20.45,8.89,71.78,33.89,9.69,48.5,15.3,9.21,28.52,15.5,7.59,21.83,3.27
2128,2019-10-08,8459.011,0.0001,77.78,1.47,7.85,5.9,5.0,14.55,34.81,15.11,6.03,13.7,5.88,26.93,10.93,27.66,21.46,25.37,7.85,20.54,8.96,72.72,33.69,9.78,49.37,15.55,9.12,28.54,15.48,7.55,21.89,3.26
